echo ***** 11.2 Example run *****
#
# first make sure the parameters are right
chained 1
withlex 1
withhfm 1
babbling 1
print_mistakes 0
log_lexicon 1
hfmsearch 3.0
subsearch 1.0
tracenc 2
tsettle 9
epsilon 0.0001
aliveact 0.5
minact 0.5
maxact 2.5
gammaexc 0.37
gammainh -0.1
withinerr 0.15
clear-networks
init-stats
read-and-paraphrase
0 2 108 145 135 62 64 
1 108 36 82 135 -1 -1 -1 76 108 36 -1 -1 -1 135 ENTERING
0 108 37 108 -1 -1 -1 -1 76 108 37 -1 -1 108 -1 SEATING
1 108 38 78 31 80 145 -1 76 108 38 31 -1 145 -1 ORDERING
1 108 40 77 62 145 -1 -1 76 108 40 -1 62 145 -1 EATING
0 108 43 77 64 56 -1 -1 76 108 43 31 64 56 -1 TIPPING
0 108 42 78 32 -1 -1 -1 76 108 42 32 -1 -1 -1 PAYING
0 108 43 135 -1 -1 -1 -1 76 108 43 -1 -1 -1 135 LEAVING
log_lexicon 0
stop
read
0 1 109 127 118 61 63 
1 109 36 82 118 -1 -1 -1 76 109 36 -1 -1 -1 118 ENTERING
0 78 31 37 109 -1 -1 -1 76 31 37 -1 -1 109 -1 SEATING
1 109 38 78 31 80 127 -1 76 109 38 31 -1 127 -1 ORDERING
0 109 40 77 61 127 -1 -1 76 109 40 -1 61 127 -1 EATING
0 109 42 78 31 -1 -1 -1 76 109 42 31 -1 -1 -1 PAYING
1 109 43 77 63 56 -1 -1 76 109 43 31 63 56 -1 TIPPING
0 109 43 118 -1 -1 -1 -1 76 109 43 -1 -1 -1 118 LEAVING
stop
read
4 6 109 199 190 -1 -1 
1 109 36 82 190 -1 -1 -1 76 109 36 -1 -1 -1 190 ENTERING
1 109 46 80 61 199 -1 -1 76 109 46 -1 61 199 -1 LOOKING
0 109 38 78 34 66 79 199 76 109 38 34 199 66 -1 DECIDING
1 109 49 78 65 199 -1 -1 76 109 49 -1 65 199 -1 TAKING
0 109 42 78 32 -1 -1 -1 76 109 42 32 -1 -1 -1 PAYING
0 109 43 190 -1 -1 -1 -1 76 109 43 -1 -1 -1 190 LEAVING
-1 -1 -1 -1 -1 -1 -1 -1 -1 -1 -1 -1 -1 -1 -1 FILLER
stop
read
4 6 108 199 189 -1 -1 
1 108 36 82 189 -1 -1 -1 76 108 36 -1 -1 -1 189 ENTERING
1 108 46 80 61 199 -1 -1 76 108 46 -1 61 199 -1 LOOKING
0 108 38 78 34 66 79 199 76 108 38 34 199 66 -1 DECIDING
1 108 49 78 65 199 -1 -1 76 108 49 -1 65 199 -1 TAKING
0 108 42 78 32 -1 -1 -1 76 108 42 32 -1 -1 -1 PAYING
0 108 43 189 -1 -1 -1 -1 76 108 43 -1 -1 -1 189 LEAVING
-1 -1 -1 -1 -1 -1 -1 -1 -1 -1 -1 -1 -1 -1 -1 FILLER
stop
read
8 9 109 226 235 63 -1 
1 109 36 82 226 -1 -1 -1 76 109 36 -1 -1 -1 226 ORIGIN
1 109 50 80 77 69 82 235 76 109 50 -1 235 69 -1 CHECKING-IN
0 109 39 83 78 68 80 70 76 109 39 -1 -1 70 68 WAITING
0 109 52 78 72 -1 -1 -1 76 109 52 -1 -1 -1 72 GETTING-ON
0 78 72 51 81 226 -1 -1 76 72 51 -1 -1 -1 226 TAKING-OFF
1 78 72 53 83 235 -1 -1 76 72 53 -1 -1 -1 235 ARRIVING
0 109 54 78 72 -1 -1 -1 76 109 54 -1 -1 -1 72 GETTING-OFF
stop
question
0 1 109 127 118 61 63 
1 88 91 109 92 83 118 -1 86 109 40 -1 -1 88 118 WHAT-QUESTION
1 109 40 77 61 127 -1 -1 76 109 40 -1 61 127 -1 WHAT-ANSWER
stop
question
0 1 109 127 118 61 63 
1 90 91 109 93 127 83 118 86 109 94 -1 88 127 118 HOW-QUESTION
1 109 94 127 95 61 83 118 76 109 94 -1 61 127 118 HOW-ANSWER
stop
question
8 9 109 226 235 63 -1 
1 89 91 109 97 77 72 82 86 109 49 -1 -1 72 89 WHERE-QUESTION
1 109 49 77 72 82 235 -1 76 109 49 -1 -1 72 235 WHERE-ANSWER
stop
question
8 9 109 226 235 63 -1 
1 91 109 98 63 75 82 235 86 109 45 -1 63 75 235 DID-QUESTION
1 109 45 77 63 75 -1 -1 76 109 45 -1 63 75 -1 DID-ANSWER
stop
question
0 2 108 145 135 62 64 
1 89 91 108 92 145 -1 -1 86 108 40 -1 -1 145 89 WHERE-QUESTION
1 108 40 145 83 135 -1 -1 76 108 40 -1 -1 145 135 WHERE-ANSWER
stop
question
4 6 109 199 190 -1 -1 
1 89 91 109 96 199 -1 -1 86 109 55 -1 -1 199 89 WHERE-QUESTION
1 109 55 199 83 190 -1 -1 76 109 55 -1 -1 199 190 WHERE-ANSWER
stop
question
4 6 108 199 189 -1 -1 
1 89 91 108 96 199 -1 -1 86 108 55 -1 -1 199 89 WHERE-QUESTION
1 108 55 199 83 189 -1 -1 76 108 55 -1 -1 199 189 WHERE-ANSWER
subsearch 3.0
stop
question
0 2 108 145 135 62 64 
1 87 40 -1 -1 -1 -1 -1 86 87 40 -1 -1 145 135 WHO-QUESTION
1 108 91 -1 -1 -1 -1 -1 76 108 91 -1 -1 -1 -1 WHO-ANSWER
stop
question
0 1 109 127 118 61 63 
1 87 40 127 -1 -1 -1 -1 86 87 40 -1 -1 127 118 WHO-QUESTION
1 109 91 -1 -1 -1 -1 -1 76 109 91 -1 -1 -1 -1 WHO-ANSWER
stop
question
0 2 108 145 135 62 64 
1 88 91 108 92 -1 -1 -1 86 108 40 -1 -1 88 135 WHAT-QUESTION
1 108 40 77 62 145 -1 -1 76 108 40 -1 62 145 -1 WHAT-ANSWER
stop
question
4 6 108 199 189 -1 -1 
1 87 55 199 -1 -1 -1 -1 86 87 55 -1 -1 199 189 WHO-QUESTION
1 108 91 -1 -1 -1 -1 -1 76 108 91 -1 -1 -1 -1 WHO-ANSWER
stop
question
4 6 109 199 190 -1 -1 
1 87 55 199 83 190 -1 -1 86 87 55 -1 -1 199 190 WHO-QUESTION
1 109 91 -1 -1 -1 -1 -1 76 109 91 -1 -1 -1 -1 WHO-ANSWER
stop
question
0 1 109 127 118 61 63 
1 90 91 109 93 126 83 118 86 109 94 -1 88 127 118 HOW-QUESTION
1 109 94 127 95 61 83 118 76 109 94 -1 61 127 118 HOW-ANSWER
stop
subsearch 1.0
question
8 9 108 225 234 63 -1 
1 88 91 108 97 82 234 -1 86 108 49 -1 -1 88 234 WHAT-QUESTION
1 108 49 77 72 -1 -1 -1 76 108 49 -1 -1 72 -1 WHAT-ANSWER
clear-networks
stop
read-and-paraphrase
0 2 108 145 135 62 64 
1 108 36 82 135 -1 -1 -1 76 108 36 -1 -1 -1 135 ENTERING
0 108 37 108 -1 -1 -1 -1 76 108 37 -1 -1 108 -1 SEATING
1 108 38 78 31 80 145 -1 76 108 38 31 -1 145 -1 ORDERING
1 108 40 77 62 145 -1 -1 76 108 40 -1 62 145 -1 EATING
1 108 42 78 32 -1 -1 -1 76 108 42 32 -1 -1 -1 PAYING
1 108 43 77 64 56 -1 -1 76 108 43 31 64 56 -1 TIPPING
0 108 43 135 -1 -1 -1 -1 76 108 43 -1 -1 -1 135 LEAVING
stop
read
0 2 108 145 135 62 64 
1 108 36 82 135 -1 -1 -1 76 108 36 -1 -1 -1 135 ENTERING
0 108 37 108 -1 -1 -1 -1 76 108 37 -1 -1 108 -1 SEATING
1 108 38 78 31 80 145 -1 76 108 38 31 -1 145 -1 ORDERING
1 108 43 77 64 56 -1 -1 76 108 43 31 64 56 -1 TIPPING
1 108 40 77 62 145 -1 -1 76 108 40 -1 62 145 -1 EATING
1 108 42 78 32 -1 -1 -1 76 108 42 32 -1 -1 -1 PAYING
0 108 43 135 -1 -1 -1 -1 76 108 43 -1 -1 -1 135 LEAVING
#
echo ***** 11.3 Cleaning Up Errors  *****
#
# make bubbles slightly smaller
maxact 2.0
gammaexc 0.5
stop
clear-networks
read
0 3 109 162 154 62 57 
1 109 36 82 154 -1 -1 -1 76 109 36 -1 -1 -1 154 ENTERING
1 109 38 78 32 80 162 -1 76 109 38 32 -1 162 -1 ORDERING
1 109 42 78 32 -1 -1 -1 76 109 42 32 -1 -1 -1 PAYING
1 109 37 109 -1 -1 -1 -1 76 109 37 -1 -1 109 -1 SEATING
1 109 40 77 64 162 -1 -1 76 109 40 -1 64 162 -1 EATING
1 78 162 41 62 -1 -1 -1 76 109 41 -1 62 162 -1 TASTING
1 109 43 154 -1 -1 -1 -1 76 109 43 -1 -1 -1 154 LEAVING
stop
question
0 3 109 162 154 62 57 
1 90 91 109 93 162 83 154 86 109 94 -1 88 162 154 HOW-QUESTION
1 109 94 162 95 62 83 154 76 109 94 -1 62 162 154 HOW-ANSWER
stop
read
0 1 108 126 118 61 64 
1 108 36 82 118 -1 -1 -1 76 108 36 -1 -1 -1 118 ENTERING
0 78 31 37 108 -1 -1 -1 76 31 37 -1 -1 108 -1 SEATING
1 108 38 78 31 80 126 -1 76 108 38 31 -1 126 -1 ORDERING
0 108 40 77 61 126 -1 -1 76 108 40 -1 61 126 -1 EATING
0 108 42 78 31 -1 -1 -1 76 108 42 31 -1 -1 -1 PAYING
1 108 43 77 64 56 -1 -1 76 108 43 31 64 56 -1 TIPPING
0 108 43 118 -1 -1 -1 -1 76 108 43 -1 -1 -1 118 LEAVING
stop
read-and-paraphrase
8 10 109 243 252 64 -1 
1 109 36 82 243 -1 -1 -1 76 109 36 -1 -1 -1 243 ORIGIN
1 109 55 77 71 82 252 -1 76 109 55 -1 252 71 -1 TICKETING
0 109 52 78 73 -1 -1 -1 76 109 52 -1 -1 -1 73 GETTING-ON
0 78 33 44 78 71 -1 -1 76 33 44 -1 -1 71 -1 PUNCHING
0 109 45 77 64 75 -1 -1 76 109 45 -1 64 75 -1 TRAVELING
1 109 54 83 252 -1 -1 -1 76 109 54 -1 -1 -1 252 GETTING-OFF
-1 -1 -1 -1 -1 -1 -1 -1 -1 -1 -1 -1 -1 -1 -1 FILLER
stop
question
8 10 109 243 252 64 -1 
1 91 109 98 63 75 82 252 86 109 45 -1 63 75 252 DID-QUESTION
1 109 45 77 64 75 -1 -1 76 109 45 -1 64 75 -1 DID-ANSWER
stop
log_lexicon 1
question
0 1 108 126 118 61 64 
1 88 91 108 92 83 118 -1 86 108 40 -1 -1 88 118 WHAT-QUESTION
1 108 40 77 61 126 -1 -1 76 108 40 -1 61 126 -1 WHAT-ANSWER
log_lexicon 0
#
echo ***** 11.4 Error Behavior *****
#
stop
clear-networks
read-and-paraphrase
8 11 109 262 271 64 -1 
1 109 36 82 262 -1 -1 -1 76 109 36 -1 -1 -1 262 ORIGIN
1 109 39 80 78 74 -1 -1 76 109 39 -1 -1 74 -1 WAITING
0 109 52 78 271 74 -1 -1 76 109 52 -1 271 -1 74 GETTING-ON
1 109 42 78 35 -1 -1 -1 76 109 42 35 -1 -1 -1 PAYING
0 78 74 53 83 271 -1 -1 76 74 53 -1 -1 -1 271 ARRIVING
1 109 54 78 74 -1 -1 -1 76 109 54 -1 -1 -1 74 GETTING-OFF
-1 -1 -1 -1 -1 -1 -1 -1 -1 -1 -1 -1 -1 -1 -1 FILLER
stop
question
8 11 109 262 271 64 -1 
1 89 91 109 97 77 74 82 86 109 49 -1 -1 74 89 WHERE-QUESTION
1 109 49 77 74 82 271 -1 76 109 49 -1 -1 74 271 WHERE-ANSWER
stop
question
8 11 109 262 271 64 -1 
1 91 109 98 63 75 82 270 86 109 45 -1 63 75 271 DID-QUESTION
1 109 45 77 64 75 -1 -1 76 109 45 -1 64 75 -1 DID-ANSWER
stop
read-and-paraphrase
4 7 108 217 207 -1 -1 
1 108 36 82 207 -1 -1 -1 76 108 36 -1 -1 -1 207 ENTERING
0 108 49 77 63 67 -1 -1 76 108 49 -1 63 67 -1 CART
1 108 48 217 60 -1 -1 -1 76 108 48 -1 217 60 -1 DECIDING
1 108 49 59 217 -1 -1 -1 76 108 49 -1 59 217 -1 TAKING
0 108 39 85 77 63 58 -1 76 108 39 -1 63 -1 58 WAITING
0 108 42 78 32 -1 -1 -1 76 108 42 32 -1 -1 -1 PAYING
0 108 43 207 -1 -1 -1 -1 76 108 43 -1 -1 -1 207 LEAVING
stop
question
4 7 108 217 207 -1 -1 
1 89 91 108 96 217 -1 -1 86 108 55 -1 -1 217 89 WHERE-QUESTION
1 108 55 217 83 207 -1 -1 76 108 55 -1 -1 217 207 WHERE-ANSWER
stop
log_lexicon 1
read-and-paraphrase
0 3 109 163 154 62 57 
1 109 36 82 154 -1 -1 -1 76 109 36 -1 -1 -1 154 ENTERING
1 109 38 78 32 80 163 -1 76 109 38 32 -1 163 -1 ORDERING
0 109 42 78 32 -1 -1 -1 76 109 42 32 -1 -1 -1 PAYING
0 109 37 109 -1 -1 -1 -1 76 109 37 -1 -1 109 -1 SEATING
1 109 40 77 64 163 -1 -1 76 109 40 -1 64 163 -1 EATING
0 78 163 41 62 -1 -1 -1 76 109 41 -1 62 163 -1 TASTING
0 109 43 154 -1 -1 -1 -1 76 109 43 -1 -1 -1 154 LEAVING
stop
question
0 3 109 163 154 62 57 
1 88 91 109 92 83 154 -1 86 109 40 -1 -1 88 154 WHAT-QUESTION
1 109 40 77 64 163 -1 -1 76 109 40 -1 64 163 -1 WHAT-ANSWER
stop
question
0 3 109 163 154 62 57 
1 89 91 109 92 163 -1 -1 86 109 40 -1 -1 163 89 WHERE-QUESTION
1 109 40 163 83 154 -1 -1 76 109 40 -1 -1 163 154 WHERE-ANSWER
stop
read-and-paraphrase
4 5 108 180 171 -1 -1 
1 108 36 82 171 -1 -1 -1 76 108 36 -1 -1 -1 171 ENTERING
1 108 46 80 61 180 -1 -1 76 108 46 -1 61 180 -1 LOOKING
0 108 47 84 59 180 -1 -1 76 108 47 108 59 180 -1 DECIDING
1 108 49 78 65 180 -1 -1 76 108 49 -1 65 180 -1 TAKING
0 108 42 78 32 -1 -1 -1 76 108 42 32 -1 -1 -1 PAYING
0 108 43 171 -1 -1 -1 -1 76 108 43 -1 -1 -1 171 LEAVING
-1 -1 -1 -1 -1 -1 -1 -1 -1 -1 -1 -1 -1 -1 -1 FILLER
log_lexicon 0
clear-networks
stop
read
4 5 109 181 172 -1 -1 
1 109 36 82 172 -1 -1 -1 76 109 36 -1 -1 -1 172 ENTERING
1 109 46 80 61 181 -1 -1 76 109 46 -1 61 181 -1 LOOKING
0 109 47 84 59 181 -1 -1 76 109 47 109 59 181 -1 DECIDING
1 109 49 78 65 181 -1 -1 76 109 49 -1 65 181 -1 TAKING
0 109 42 78 32 -1 -1 -1 76 109 42 32 -1 -1 -1 PAYING
0 109 43 172 -1 -1 -1 -1 76 109 43 -1 -1 -1 172 LEAVING
-1 -1 -1 -1 -1 -1 -1 -1 -1 -1 -1 -1 -1 -1 -1 FILLER
stop
question
4 5 109 181 172 -1 -1 
1 88 91 109 96 83 172 -1 86 109 55 -1 -1 88 172 WHAT-QUESTION
1 109 55 181 -1 -1 -1 -1 76 109 55 -1 -1 181 -1 WHAT-ANSWER
stop
read
4 5 109 181 171 -1 -1 
1 109 36 82 171 -1 -1 -1 76 109 36 -1 -1 -1 171 ENTERING
1 109 46 80 61 181 -1 -1 76 109 46 -1 61 181 -1 LOOKING
0 109 47 84 59 181 -1 -1 76 109 47 109 59 181 -1 DECIDING
1 109 49 78 65 181 -1 -1 76 109 49 -1 65 181 -1 TAKING
0 109 42 78 32 -1 -1 -1 76 109 42 32 -1 -1 -1 PAYING
0 109 43 171 -1 -1 -1 -1 76 109 43 -1 -1 -1 171 LEAVING
-1 -1 -1 -1 -1 -1 -1 -1 -1 -1 -1 -1 -1 -1 -1 FILLER
stop
question
4 5 109 181 172 -1 -1 
1 88 91 109 96 83 172 -1 86 109 55 -1 -1 88 172 WHAT-QUESTION
1 109 55 181 -1 -1 -1 -1 76 109 55 -1 -1 181 -1 WHAT-ANSWER
print-stats
