000.0 +0.00 +0.00 +0.00 +0.00 +0.00 +0.00 +0.00 +0.00 +0.00 +0.00 +0.00 +0.00 +0.00
000.0 +0.00 +0.00 +0.00 +0.00 +0.00 +0.00 +0.00 +0.00 +0.00 +0.00 +0.00 +0.00 +0.00
000.0 -0.99 -0.99 -0.99 -0.99 -0.99 -0.99 -0.99 -0.99 -0.99 -0.99 -0.99 -0.99 -0.99
000.0 -0.99 -0.99 -0.99 -0.99 -0.99 -0.99 -0.99 -0.99 -0.99 -0.99 -0.99 -0.99 -0.99
002.5 +2.62 +0.04 +0.00 +0.00 +0.04 +0.03 +0.01 +0.00 +0.08 +0.00 +0.03 +0.03 +0.00
002.5 +0.00 +0.16 +0.00 +0.00 +0.14 +0.12 +0.05 +0.02 +0.29 +0.00 +0.11 +0.09 +0.00
002.5 -0.99 -0.99 -0.99 -0.99 -0.99 -0.99 -0.99 -0.99 -0.99 -0.99 -0.99 -0.99 -0.99
002.5 -0.99 -0.99 -0.99 -0.99 -0.99 -0.99 -0.99 -0.99 -0.99 -0.99 -0.99 -0.99 -0.99
005.0 +2.64 +0.08 +0.00 +0.00 +0.05 +0.04 +0.02 +0.01 +0.16 +0.00 +0.03 +0.04 +0.00
005.0 +0.00 +0.19 +0.00 +0.00 +0.12 +0.08 +0.06 +0.01 +0.37 +0.00 +0.07 +0.09 +0.00
005.0 -0.01 -0.82 -0.99 -0.99 -0.99 -0.99 -0.99 -0.99 -0.77 -0.99 -0.99 -0.99 -0.99
005.0 +0.09 -0.83 -0.99 -0.99 -0.99 -0.99 -0.99 -0.99 -0.70 -0.99 -0.99 -0.99 -0.99
007.5 +2.65 +0.14 +0.00 +0.00 +0.06 +0.11 +0.06 +0.01 +0.23 +0.00 +0.04 +0.04 +0.00
007.5 +0.00 +0.21 +0.00 +0.00 +0.09 +0.16 +0.08 +0.01 +0.33 +0.00 +0.05 +0.06 +0.00
007.5 +0.09 -0.68 -0.99 -0.99 -0.86 -0.68 -0.84 -0.99 -0.70 -0.99 -0.84 -0.99 -0.99
007.5 -0.03 -0.72 -0.99 -0.99 -0.88 -0.72 -0.86 -0.99 -0.73 -0.99 -0.85 -0.99 -0.99
010.0 +2.64 +0.22 +0.00 +0.00 +0.07 +0.15 +0.06 +0.01 +0.28 +0.00 +0.09 +0.07 +0.00
010.0 +0.00 +0.23 +0.00 +0.00 +0.08 +0.16 +0.06 +0.01 +0.30 +0.00 +0.09 +0.07 +0.00
010.0 +0.22 -0.61 -0.99 -0.99 -0.80 -0.63 -0.90 -0.99 -0.38 -0.99 -0.65 -0.88 -0.99
010.0 +0.09 -0.67 -0.99 -0.99 -0.81 -0.68 -0.91 -0.99 -0.41 -0.99 -0.70 -0.90 -0.99
012.5 +2.63 +0.25 +0.00 +0.00 +0.07 +0.15 +0.05 +0.01 +0.28 +0.00 +0.08 +0.08 +0.00
012.5 +0.00 +0.26 +0.00 +0.00 +0.07 +0.15 +0.05 +0.01 +0.29 +0.00 +0.08 +0.08 +0.00
012.5 +0.16 -0.30 -0.99 -0.99 -0.73 -0.67 -0.91 -0.89 -0.17 -0.99 -0.69 -0.66 -0.99
012.5 +0.01 -0.40 -0.99 -0.99 -0.73 -0.70 -0.91 -0.90 -0.24 -0.99 -0.72 -0.70 -0.99
015.0 +2.61 +0.26 +0.00 +0.00 +0.06 +0.14 +0.05 +0.01 +0.27 +0.00 +0.07 +0.07 +0.00
015.0 +0.00 +0.28 +0.00 +0.00 +0.07 +0.15 +0.06 +0.01 +0.30 +0.00 +0.08 +0.07 +0.00
015.0 +0.15 -0.34 -0.99 -0.99 -0.75 -0.68 -0.81 -0.90 -0.20 -0.99 -0.72 -0.69 -0.99
015.0 -0.02 -0.42 -0.99 -0.99 -0.73 -0.71 -0.81 -0.91 -0.27 -0.99 -0.73 -0.72 -0.99
017.5 +2.61 +0.25 +0.00 +0.00 +0.06 +0.14 +0.05 +0.01 +0.27 +0.00 +0.06 +0.06 +0.00
017.5 +0.00 +0.28 +0.00 +0.00 +0.07 +0.15 +0.06 +0.01 +0.30 +0.00 +0.07 +0.07 +0.00
017.5 +0.16 -0.35 -0.99 -0.99 -0.76 -0.59 -0.82 -0.90 -0.21 -0.99 -0.73 -0.60 -0.99
017.5 -0.02 -0.42 -0.99 -0.99 -0.73 -0.61 -0.82 -0.91 -0.28 -0.99 -0.73 -0.63 -0.99
020.0 +2.61 +0.25 +0.00 +0.00 +0.06 +0.13 +0.05 +0.01 +0.27 +0.00 +0.06 +0.06 +0.00
020.0 +0.00 +0.28 +0.00 +0.00 +0.07 +0.15 +0.05 +0.01 +0.30 +0.00 +0.07 +0.06 +0.00
020.0 +0.19 -0.15 -0.99 -0.99 -0.76 -0.60 -0.82 -0.91 -0.17 -0.99 -0.74 -0.52 -0.99
020.0 +0.01 -0.23 -0.99 -0.99 -0.74 -0.61 -0.82 -0.91 -0.26 -0.99 -0.73 -0.54 -0.99
022.5 +2.60 +0.25 +0.00 +0.00 +0.06 +0.13 +0.05 +0.00 +0.28 +0.00 +0.06 +0.06 +0.00
022.5 +0.00 +0.29 +0.00 +0.00 +0.07 +0.14 +0.05 +0.01 +0.31 +0.00 +0.07 +0.06 +0.00
022.5 +0.21 -0.14 -0.99 -0.99 -0.65 -0.62 -0.84 -0.91 -0.13 -0.99 -0.66 -0.54 -0.99
022.5 +0.03 -0.22 -0.99 -0.99 -0.64 -0.62 -0.82 -0.91 -0.23 -0.99 -0.64 -0.55 -0.99
025.0 +2.60 +0.26 +0.00 +0.00 +0.06 +0.12 +0.05 +0.00 +0.30 +0.00 +0.06 +0.05 +0.00
025.0 +0.00 +0.29 +0.00 +0.00 +0.07 +0.14 +0.05 +0.01 +0.33 +0.00 +0.06 +0.06 +0.00
025.0 +0.23 -0.05 -0.99 -0.99 -0.67 -0.54 -0.85 -0.92 -0.08 -0.99 -0.68 -0.56 -0.99
025.0 +0.06 -0.11 -0.99 -0.99 -0.65 -0.54 -0.83 -0.91 -0.19 -0.99 -0.64 -0.55 -0.99
027.5 +2.61 +0.26 +0.00 +0.00 +0.06 +0.10 +0.05 +0.00 +0.32 +0.00 +0.06 +0.05 +0.00
027.5 +0.00 +0.29 +0.00 +0.00 +0.07 +0.11 +0.05 +0.01 +0.36 +0.00 +0.06 +0.06 +0.00
027.5 +0.40 -0.05 -0.99 -0.99 -0.69 -0.56 -0.86 -0.92 +0.06 -0.99 -0.69 -0.58 -0.99
027.5 +0.22 -0.09 -0.99 -0.99 -0.65 -0.54 -0.83 -0.91 -0.04 -0.99 -0.65 -0.55 -0.99
030.0 +2.61 +0.27 +0.00 +0.00 +0.06 +0.09 +0.05 +0.00 +0.34 +0.00 +0.06 +0.05 +0.00
030.0 +0.00 +0.29 +0.00 +0.00 +0.06 +0.10 +0.05 +0.01 +0.37 +0.00 +0.06 +0.05 +0.00
030.0 +0.48 -0.04 -0.99 -0.99 -0.70 -0.58 -0.87 -0.92 +0.12 -0.99 -0.62 -0.60 -0.99
030.0 +0.31 -0.07 -0.99 -0.99 -0.65 -0.55 -0.83 -0.91 +0.02 -0.99 -0.57 -0.56 -0.99
032.5 +2.61 +0.27 +0.00 +0.00 +0.06 +0.09 +0.05 +0.01 +0.40 +0.00 +0.06 +0.05 +0.00
032.5 +0.00 +0.28 +0.00 +0.00 +0.06 +0.09 +0.05 +0.01 +0.41 +0.00 +0.06 +0.05 +0.00
032.5 +0.55 -0.02 -0.99 -0.99 -0.72 -0.60 -0.87 -0.92 +0.18 -0.99 -0.64 -0.61 -0.99
032.5 +0.41 -0.05 -0.99 -0.99 -0.66 -0.56 -0.84 -0.91 +0.09 -0.99 -0.57 -0.56 -0.99
035.0 +2.62 +0.28 +0.00 +0.00 +0.06 +0.08 +0.05 +0.01 +0.43 +0.00 +0.06 +0.04 +0.00
035.0 +0.00 +0.28 +0.00 +0.00 +0.06 +0.08 +0.05 +0.01 +0.43 +0.00 +0.06 +0.04 +0.00
035.0 +0.62 +0.03 -0.99 -0.99 -0.73 -0.63 -0.87 -0.93 +0.23 -0.99 -0.65 -0.70 -0.99
035.0 +0.51 -0.00 -0.99 -0.99 -0.66 -0.57 -0.84 -0.91 +0.16 -0.99 -0.58 -0.66 -0.99
037.5 +2.63 +0.29 +0.00 +0.00 +0.06 +0.08 +0.04 +0.01 +0.45 +0.00 +0.06 +0.04 +0.00
037.5 +0.00 +0.28 +0.00 +0.00 +0.06 +0.08 +0.04 +0.01 +0.44 +0.00 +0.06 +0.04 +0.00
037.5 +0.70 -0.03 -0.99 -0.99 -0.74 -0.65 -0.80 -0.93 +0.28 -0.99 -0.67 -0.71 -0.99
037.5 +0.62 -0.06 -0.99 -0.99 -0.67 -0.57 -0.75 -0.91 +0.23 -0.99 -0.58 -0.66 -0.99
040.0 +2.63 +0.29 +0.00 +0.00 +0.06 +0.08 +0.04 +0.01 +0.47 +0.00 +0.06 +0.04 +0.00
040.0 +0.00 +0.28 +0.00 +0.00 +0.06 +0.07 +0.04 +0.01 +0.45 +0.00 +0.06 +0.04 +0.00
040.0 +0.83 +0.06 -0.99 -0.99 -0.74 -0.67 -0.82 -0.93 +0.39 -0.99 -0.66 -0.71 -0.99
040.0 +0.80 +0.06 -0.99 -0.99 -0.67 -0.58 -0.76 -0.91 +0.38 -0.99 -0.58 -0.66 -0.99
042.5 +2.63 +0.30 +0.00 +0.00 +0.06 +0.07 +0.04 +0.01 +0.48 +0.00 +0.06 +0.04 +0.00
042.5 +0.00 +0.28 +0.00 +0.00 +0.06 +0.07 +0.04 +0.01 +0.45 +0.00 +0.06 +0.04 +0.00
042.5 +0.88 +0.16 -0.99 -0.99 -0.75 -0.68 -0.82 -0.93 +0.42 -0.99 -0.68 -0.71 -0.99
042.5 +0.89 +0.19 -0.99 -0.99 -0.68 -0.59 -0.76 -0.92 +0.43 -0.99 -0.59 -0.66 -0.99
045.0 +2.64 +0.30 +0.00 +0.00 +0.06 +0.07 +0.04 +0.01 +0.49 +0.00 +0.06 +0.04 +0.00
045.0 +0.00 +0.28 +0.00 +0.00 +0.06 +0.07 +0.04 +0.01 +0.46 +0.00 +0.06 +0.04 +0.00
045.0 +0.93 +0.17 -0.99 -0.99 -0.76 -0.70 -0.83 -0.93 +0.45 -0.99 -0.61 -0.72 -0.99
045.0 +0.95 +0.22 -0.99 -0.99 -0.68 -0.60 -0.76 -0.92 +0.46 -0.99 -0.50 -0.66 -0.99
047.5 +2.65 +0.31 +0.00 +0.00 +0.06 +0.07 +0.04 +0.01 +0.51 +0.00 +0.06 +0.04 +0.00
047.5 +0.00 +0.28 +0.00 +0.00 +0.06 +0.06 +0.04 +0.01 +0.46 +0.00 +0.06 +0.03 +0.00
047.5 +0.97 +0.17 -0.99 -0.99 -0.76 -0.72 -0.75 -0.94 +0.48 -0.99 -0.65 -0.72 -0.99
047.5 +0.99 +0.24 -0.99 -0.99 -0.68 -0.61 -0.68 -0.92 +0.49 -0.99 -0.52 -0.66 -0.99
050.0 +2.66 +0.31 +0.00 +0.00 +0.06 +0.07 +0.04 +0.01 +0.53 +0.00 +0.06 +0.04 +0.00
050.0 +0.00 +0.28 +0.00 +0.00 +0.06 +0.06 +0.04 +0.01 +0.47 +0.00 +0.05 +0.03 +0.00
050.0 +1.01 +0.18 -0.99 -0.99 -0.77 -0.76 -0.78 -0.94 +0.52 -0.99 -0.67 -0.73 -0.99
050.0 +1.06 +0.25 -0.99 -0.99 -0.69 -0.68 -0.69 -0.92 +0.54 -0.99 -0.54 -0.67 -0.99
052.5 +2.68 +0.31 +0.00 +0.00 +0.06 +0.07 +0.04 +0.01 +0.55 +0.00 +0.06 +0.04 +0.00
052.5 +0.00 +0.27 +0.00 +0.00 +0.05 +0.06 +0.04 +0.01 +0.48 +0.00 +0.05 +0.03 +0.00
052.5 +1.05 +0.19 -0.99 -0.99 -0.77 -0.78 -0.79 -0.94 +0.55 -0.99 -0.69 -0.73 -0.99
052.5 +1.12 +0.26 -0.99 -0.99 -0.69 -0.70 -0.70 -0.92 +0.59 -0.99 -0.56 -0.67 -0.99
055.0 +2.69 +0.31 +0.00 +0.00 +0.06 +0.07 +0.04 +0.01 +0.56 +0.00 +0.06 +0.04 +0.00
055.0 +0.00 +0.27 +0.00 +0.00 +0.05 +0.06 +0.04 +0.00 +0.49 +0.00 +0.05 +0.03 +0.00
055.0 +1.07 +0.19 -0.99 -0.99 -0.77 -0.75 -0.80 -0.94 +0.57 -0.99 -0.70 -0.73 -0.99
055.0 +1.18 +0.27 -0.99 -0.99 -0.69 -0.64 -0.71 -0.92 +0.64 -0.99 -0.57 -0.67 -0.99
057.5 +2.69 +0.32 +0.00 +0.00 +0.06 +0.07 +0.04 +0.01 +0.57 +0.00 +0.06 +0.04 +0.00
057.5 +0.00 +0.27 +0.00 +0.00 +0.05 +0.06 +0.04 +0.00 +0.49 +0.00 +0.05 +0.03 +0.00
057.5 +1.09 +0.20 -0.99 -0.99 -0.77 -0.71 -0.81 -0.94 +0.58 -0.99 -0.74 -0.78 -0.99
057.5 +1.22 +0.28 -0.99 -0.99 -0.69 -0.61 -0.72 -0.92 +0.68 -0.99 -0.63 -0.74 -0.99
060.0 +2.70 +0.32 +0.00 +0.00 +0.06 +0.07 +0.04 +0.01 +0.58 +0.00 +0.06 +0.04 +0.00
060.0 +0.00 +0.27 +0.00 +0.00 +0.05 +0.06 +0.04 +0.00 +0.49 +0.00 +0.05 +0.03 +0.00
060.0 +1.10 +0.20 -0.99 -0.99 -0.82 -0.74 -0.79 -0.94 +0.51 -0.99 -0.75 -0.78 -0.99
060.0 +1.25 +0.28 -0.99 -0.99 -0.76 -0.63 -0.71 -0.92 +0.61 -0.99 -0.64 -0.74 -0.99
062.5 +2.71 +0.32 +0.00 +0.00 +0.06 +0.07 +0.04 +0.01 +0.58 +0.00 +0.06 +0.04 +0.00
062.5 +0.00 +0.27 +0.00 +0.00 +0.05 +0.06 +0.04 +0.00 +0.49 +0.00 +0.05 +0.03 +0.00
062.5 +1.10 +0.20 -0.99 -0.99 -0.82 -0.75 -0.81 -0.94 +0.52 -0.99 -0.75 -0.78 -0.99
062.5 +1.27 +0.28 -0.99 -0.99 -0.76 -0.64 -0.72 -0.92 +0.63 -0.99 -0.64 -0.74 -0.99
065.0 +2.71 +0.32 +0.00 +0.00 +0.06 +0.07 +0.04 +0.01 +0.59 +0.00 +0.06 +0.04 +0.00
065.0 +0.00 +0.27 +0.00 +0.00 +0.05 +0.06 +0.04 +0.00 +0.49 +0.00 +0.05 +0.03 +0.00
065.0 +1.11 +0.20 -0.99 -0.99 -0.82 -0.76 -0.86 -0.94 +0.52 -0.99 -0.75 -0.78 -0.99
065.0 +1.28 +0.29 -0.99 -0.99 -0.76 -0.64 -0.79 -0.92 +0.64 -0.99 -0.64 -0.74 -0.99
067.5 +2.71 +0.32 +0.00 +0.00 +0.06 +0.07 +0.04 +0.01 +0.59 +0.00 +0.06 +0.04 +0.00
067.5 +0.00 +0.27 +0.00 +0.00 +0.05 +0.06 +0.04 +0.00 +0.49 +0.00 +0.05 +0.03 +0.00
067.5 +1.11 +0.20 -0.99 -0.99 -0.82 -0.76 -0.84 -0.94 +0.52 -0.99 -0.75 -0.78 -0.99
067.5 +1.29 +0.29 -0.99 -0.99 -0.76 -0.65 -0.78 -0.92 +0.65 -0.99 -0.64 -0.74 -0.99
070.0 +2.71 +0.33 +0.00 +0.00 +0.06 +0.07 +0.04 +0.01 +0.62 +0.00 +0.06 +0.04 +0.00
070.0 +0.00 +0.27 +0.00 +0.00 +0.05 +0.06 +0.03 +0.00 +0.50 +0.00 +0.05 +0.03 +0.00
070.0 +1.11 +0.20 -0.99 -0.99 -0.82 -0.76 -0.86 -0.94 +0.52 -0.99 -0.74 -0.78 -0.99
070.0 +1.30 +0.29 -0.99 -0.99 -0.76 -0.65 -0.79 -0.92 +0.65 -0.99 -0.63 -0.74 -0.99
072.5 +2.71 +0.32 +0.00 +0.00 +0.06 +0.07 +0.04 +0.01 +0.63 +0.00 +0.06 +0.04 +0.00
072.5 +0.00 +0.26 +0.00 +0.00 +0.05 +0.06 +0.03 +0.00 +0.51 +0.00 +0.05 +0.03 +0.00
072.5 +1.07 +0.16 -0.99 -0.99 -0.81 -0.76 -0.86 -0.94 +0.52 -0.99 -0.71 -0.78 -0.99
072.5 +1.22 +0.21 -0.99 -0.99 -0.76 -0.65 -0.79 -0.92 +0.65 -0.99 -0.58 -0.74 -0.99
075.0 +2.73 +0.31 +0.00 +0.00 +0.06 +0.07 +0.04 +0.01 +0.65 +0.00 +0.06 +0.04 +0.00
075.0 +0.00 +0.25 +0.00 +0.00 +0.05 +0.06 +0.03 +0.00 +0.52 +0.00 +0.05 +0.03 +0.00
075.0 +1.05 +0.09 -0.99 -0.99 -0.81 -0.76 -0.85 -0.94 +0.53 -0.99 -0.70 -0.77 -0.99
075.0 +1.21 +0.16 -0.99 -0.99 -0.75 -0.65 -0.79 -0.92 +0.68 -0.99 -0.57 -0.73 -0.99
077.5 +2.74 +0.30 +0.00 +0.00 +0.06 +0.07 +0.04 +0.01 +0.73 +0.00 +0.06 +0.04 +0.00
077.5 +0.00 +0.23 +0.00 +0.00 +0.05 +0.06 +0.03 +0.00 +0.55 +0.00 +0.05 +0.03 +0.00
077.5 +1.09 -0.00 -0.99 -0.99 -0.83 -0.85 -0.85 -0.94 +0.70 -0.99 -0.74 -0.76 -0.99
077.5 +1.32 +0.10 -0.99 -0.99 -0.77 -0.79 -0.79 -0.92 +0.90 -0.99 -0.64 -0.73 -0.99
080.0 +2.74 +0.29 +0.00 +0.00 +0.06 +0.08 +0.04 +0.01 +0.75 +0.00 +0.06 +0.04 +0.00
080.0 +0.00 +0.22 +0.00 +0.00 +0.05 +0.06 +0.03 +0.00 +0.56 +0.00 +0.05 +0.03 +0.00
080.0 +1.12 -0.08 -0.99 -0.99 -0.84 -0.85 -0.85 -0.95 +0.74 -0.99 -0.74 -0.76 -0.99
080.0 +1.39 +0.05 -0.99 -0.99 -0.78 -0.79 -0.79 -0.92 +0.98 -0.99 -0.64 -0.73 -0.99
082.5 +2.77 +0.26 +0.00 +0.00 +0.06 +0.08 +0.04 +0.01 +0.81 +0.00 +0.06 +0.04 +0.00
082.5 +0.00 +0.19 +0.00 +0.00 +0.05 +0.06 +0.03 +0.00 +0.59 +0.00 +0.05 +0.03 +0.00
082.5 +1.04 -0.32 -0.99 -0.99 -0.84 -0.92 -0.87 -0.95 +0.80 -0.99 -0.80 -0.75 -0.99
082.5 +1.32 -0.22 -0.99 -0.99 -0.79 -0.87 -0.80 -0.93 +1.12 -0.99 -0.71 -0.73 -0.99
085.0 +2.81 +0.21 +0.00 +0.00 +0.06 +0.08 +0.05 +0.01 +0.86 +0.00 +0.07 +0.04 +0.00
085.0 +0.00 +0.16 +0.00 +0.00 +0.05 +0.06 +0.03 +0.00 +0.63 +0.00 +0.05 +0.03 +0.00
085.0 +1.06 -0.60 -0.99 -0.99 -0.83 -0.92 -0.92 -0.96 +0.86 -0.99 -0.83 -0.72 -0.99
085.0 +1.44 -0.41 -0.99 -0.99 -0.80 -0.88 -0.88 -0.93 +1.26 -0.99 -0.75 -0.73 -0.99
087.5 +2.83 +0.20 +0.00 +0.00 +0.06 +0.08 +0.05 +0.01 +0.88 +0.00 +0.07 +0.04 +0.00
087.5 +0.00 +0.15 +0.00 +0.00 +0.05 +0.06 +0.04 +0.00 +0.63 +0.00 +0.05 +0.03 +0.00
087.5 +1.10 -0.75 -0.99 -0.99 -0.83 -0.93 -0.95 -0.99 +0.99 -0.99 -0.89 -0.71 -0.99
087.5 +1.49 -0.61 -0.99 -0.99 -0.80 -0.88 -0.93 -0.99 +1.40 -0.99 -0.84 -0.72 -0.99
090.0 +2.83 +0.20 +0.00 +0.00 +0.07 +0.08 +0.05 +0.01 +0.85 +0.00 +0.07 +0.05 +0.00
090.0 +0.00 +0.14 +0.00 +0.00 +0.05 +0.06 +0.04 +0.00 +0.62 +0.00 +0.05 +0.04 +0.00
090.0 +1.12 -0.81 -0.99 -0.99 -0.83 -0.93 -0.95 -0.99 +0.99 -0.99 -0.90 -0.71 -0.99
090.0 +1.52 -0.69 -0.99 -0.99 -0.81 -0.89 -0.93 -0.99 +1.42 -0.99 -0.85 -0.72 -0.99
092.5 +2.85 +0.20 +0.00 +0.00 +0.07 +0.09 +0.06 +0.01 +0.91 +0.00 +0.07 +0.06 +0.00
092.5 +0.00 +0.14 +0.00 +0.00 +0.05 +0.06 +0.04 +0.00 +0.62 +0.00 +0.05 +0.04 +0.00
092.5 +1.15 -0.87 -0.99 -0.99 -0.83 -0.97 -0.99 -0.99 +1.04 -0.99 -0.99 -0.71 -0.99
092.5 +1.56 -0.79 -0.99 -0.99 -0.81 -0.96 -0.99 -0.99 +1.46 -0.99 -0.98 -0.72 -0.99
095.0 +2.88 +0.21 +0.00 +0.00 +0.07 +0.09 +0.06 +0.01 +0.94 +0.00 +0.08 +0.06 +0.00
095.0 +0.00 +0.14 +0.00 +0.00 +0.05 +0.06 +0.04 +0.00 +0.63 +0.00 +0.05 +0.04 +0.00
095.0 +1.19 -0.87 -0.99 -0.99 -0.83 -0.97 -0.99 -0.99 +1.18 -0.99 -0.99 -0.72 -0.99
095.0 +1.64 -0.79 -0.99 -0.99 -0.81 -0.96 -0.99 -0.99 +1.63 -0.99 -0.98 -0.73 -0.99
097.5 +2.89 +0.21 +0.00 +0.00 +0.07 +0.09 +0.06 +0.01 +0.95 +0.00 +0.08 +0.06 +0.00
097.5 +0.00 +0.14 +0.00 +0.00 +0.05 +0.06 +0.04 +0.00 +0.63 +0.00 +0.05 +0.04 +0.00
097.5 +1.22 -0.87 -0.99 -0.99 -0.88 -0.99 -0.99 -0.99 +1.22 -0.99 -0.99 -0.73 -0.99
097.5 +1.70 -0.80 -0.99 -0.99 -0.88 -0.99 -0.99 -0.99 +1.69 -0.99 -0.98 -0.73 -0.99
099.9 +2.89 +0.21 +0.00 +0.00 +0.07 +0.09 +0.06 +0.01 +0.96 +0.00 +0.08 +0.05 +0.00
099.9 +0.00 +0.14 +0.00 +0.00 +0.05 +0.06 +0.04 +0.00 +0.63 +0.00 +0.05 +0.03 +0.00
099.9 +1.29 -0.88 -0.99 -0.99 -0.89 -0.99 -0.99 -0.99 +1.29 -0.99 -0.99 -0.74 -0.99
099.9 +1.79 -0.80 -0.99 -0.99 -0.88 -0.99 -0.99 -0.99 +1.79 -0.99 -0.98 -0.74 -0.99
102.6 +2.90 +0.21 +0.00 +0.00 +0.07 +0.09 +0.06 +0.01 +0.96 +0.00 +0.08 +0.04 +0.00
102.6 +0.00 +0.14 +0.00 +0.00 +0.04 +0.06 +0.04 +0.00 +0.64 +0.00 +0.05 +0.03 +0.00
102.6 +1.34 -0.91 -0.99 -0.99 -0.90 -0.99 -0.99 -0.99 +1.34 -0.99 -0.99 -0.77 -0.99
102.6 +1.89 -0.85 -0.99 -0.99 -0.88 -0.99 -0.99 -0.99 +1.89 -0.99 -0.98 -0.74 -0.99
105.0 +2.90 +0.21 +0.00 +0.00 +0.07 +0.09 +0.06 +0.01 +0.97 +0.00 +0.08 +0.03 +0.00
105.0 +0.00 +0.14 +0.00 +0.00 +0.04 +0.06 +0.04 +0.00 +0.64 +0.00 +0.05 +0.02 +0.00
105.0 +1.37 -0.91 -0.99 -0.99 -0.90 -0.99 -0.99 -0.99 +1.37 -0.99 -0.99 -0.79 -0.99
105.0 +1.95 -0.85 -0.99 -0.99 -0.88 -0.99 -0.99 -0.99 +1.95 -0.99 -0.98 -0.75 -0.99
107.6 +2.90 +0.21 +0.00 +0.00 +0.07 +0.09 +0.06 +0.01 +0.97 +0.00 +0.08 +0.03 +0.00
107.6 +0.00 +0.14 +0.00 +0.00 +0.04 +0.06 +0.04 +0.00 +0.64 +0.00 +0.05 +0.02 +0.00
107.6 +1.38 -0.91 -0.99 -0.99 -0.91 -0.99 -0.99 -0.99 +1.38 -0.99 -0.99 -0.85 -0.99
107.6 +1.99 -0.85 -0.99 -0.99 -0.88 -0.99 -0.99 -0.99 +1.99 -0.99 -0.98 -0.82 -0.99
110.0 +2.90 +0.21 +0.00 +0.00 +0.07 +0.09 +0.06 +0.01 +0.97 +0.00 +0.08 +0.03 +0.00
110.0 +0.00 +0.14 +0.00 +0.00 +0.04 +0.06 +0.04 +0.00 +0.64 +0.00 +0.05 +0.02 +0.00
110.0 +1.39 -0.91 -0.99 -0.99 -0.91 -0.99 -0.99 -0.99 +1.39 -0.99 -0.99 -0.86 -0.99
110.0 +2.01 -0.85 -0.99 -0.99 -0.88 -0.99 -0.99 -0.99 +2.01 -0.99 -0.98 -0.83 -0.99
112.6 +2.90 +0.21 +0.00 +0.00 +0.07 +0.09 +0.06 +0.01 +0.97 +0.00 +0.08 +0.03 +0.00
112.6 +0.00 +0.14 +0.00 +0.00 +0.04 +0.06 +0.04 +0.00 +0.64 +0.00 +0.05 +0.02 +0.00
112.6 +1.39 -0.91 -0.99 -0.99 -0.92 -0.99 -0.99 -0.99 +1.39 -0.99 -0.99 -0.86 -0.99
112.6 +2.02 -0.85 -0.99 -0.99 -0.89 -0.99 -0.99 -0.99 +2.02 -0.99 -0.98 -0.83 -0.99
115.0 +2.90 +0.21 +0.00 +0.00 +0.07 +0.09 +0.06 +0.01 +0.98 +0.00 +0.08 +0.03 +0.00
115.0 +0.00 +0.14 +0.00 +0.00 +0.04 +0.06 +0.04 +0.00 +0.64 +0.00 +0.05 +0.02 +0.00
115.0 +1.40 -0.91 -0.99 -0.99 -0.92 -0.99 -0.99 -0.99 +1.40 -0.99 -0.99 -0.87 -0.99
115.0 +2.03 -0.85 -0.99 -0.99 -0.89 -0.99 -0.99 -0.99 +2.03 -0.99 -0.98 -0.83 -0.99
117.6 +2.90 +0.21 +0.00 +0.00 +0.07 +0.09 +0.06 +0.01 +0.98 +0.00 +0.08 +0.03 +0.00
117.6 +0.00 +0.14 +0.00 +0.00 +0.04 +0.06 +0.04 +0.00 +0.64 +0.00 +0.05 +0.02 +0.00
117.6 +1.40 -0.91 -0.99 -0.99 -0.92 -0.99 -0.99 -0.99 +1.40 -0.99 -0.99 -0.87 -0.99
117.6 +2.03 -0.85 -0.99 -0.99 -0.89 -0.99 -0.99 -0.99 +2.03 -0.99 -0.98 -0.83 -0.99
120.0 +2.90 +0.21 +0.00 +0.00 +0.07 +0.09 +0.06 +0.01 +0.98 +0.00 +0.08 +0.03 +0.00
120.0 +0.00 +0.14 +0.00 +0.00 +0.04 +0.06 +0.04 +0.00 +0.64 +0.00 +0.05 +0.02 +0.00
120.0 +1.40 -0.91 -0.99 -0.99 -0.92 -0.99 -0.99 -0.99 +1.40 -0.99 -0.99 -0.87 -0.99
120.0 +2.03 -0.85 -0.99 -0.99 -0.89 -0.99 -0.99 -0.99 +2.03 -0.99 -0.98 -0.83 -0.99
122.6 +2.90 +0.21 +0.00 +0.00 +0.07 +0.09 +0.06 +0.01 +0.98 +0.00 +0.08 +0.03 +0.00
122.6 +0.00 +0.14 +0.00 +0.00 +0.04 +0.06 +0.04 +0.00 +0.64 +0.00 +0.05 +0.02 +0.00
122.6 +1.40 -0.91 -0.99 -0.99 -0.92 -0.99 -0.99 -0.99 +1.40 -0.99 -0.99 -0.87 -0.99
122.6 +2.03 -0.85 -0.99 -0.99 -0.89 -0.99 -0.99 -0.99 +2.03 -0.99 -0.98 -0.83 -0.99
125.0 +2.90 +0.21 +0.00 +0.00 +0.07 +0.09 +0.06 +0.01 +0.98 +0.00 +0.08 +0.03 +0.00
125.0 +0.00 +0.14 +0.00 +0.00 +0.04 +0.06 +0.04 +0.00 +0.64 +0.00 +0.05 +0.02 +0.00
125.0 +1.40 -0.91 -0.99 -0.99 -0.92 -0.99 -0.99 -0.99 +1.40 -0.99 -0.99 -0.87 -0.99
125.0 +2.04 -0.85 -0.99 -0.99 -0.89 -0.99 -0.99 -0.99 +2.04 -0.99 -0.98 -0.83 -0.99
127.6 +2.90 +0.21 +0.00 +0.00 +0.07 +0.09 +0.06 +0.01 +0.98 +0.00 +0.08 +0.03 +0.00
127.6 +0.00 +0.14 +0.00 +0.00 +0.04 +0.06 +0.04 +0.00 +0.64 +0.00 +0.05 +0.02 +0.00
127.6 +1.40 -0.91 -0.99 -0.99 -0.92 -0.99 -0.99 -0.99 +1.40 -0.99 -0.99 -0.87 -0.99
127.6 +2.04 -0.85 -0.99 -0.99 -0.89 -0.99 -0.99 -0.99 +2.04 -0.99 -0.98 -0.83 -0.99
130.0 +2.90 +0.21 +0.00 +0.00 +0.07 +0.09 +0.06 +0.01 +0.98 +0.00 +0.08 +0.03 +0.00
130.0 +0.00 +0.14 +0.00 +0.00 +0.04 +0.06 +0.04 +0.00 +0.64 +0.00 +0.05 +0.02 +0.00
130.0 +1.40 -0.91 -0.99 -0.99 -0.92 -0.99 -0.99 -0.99 +1.40 -0.99 -0.99 -0.87 -0.99
130.0 +2.04 -0.85 -0.99 -0.99 -0.89 -0.99 -0.99 -0.99 +2.04 -0.99 -0.98 -0.83 -0.99
132.6 +2.90 +0.21 +0.00 +0.00 +0.07 +0.09 +0.06 +0.01 +0.98 +0.00 +0.08 +0.03 +0.00
132.6 +0.00 +0.14 +0.00 +0.00 +0.04 +0.06 +0.04 +0.00 +0.64 +0.00 +0.05 +0.02 +0.00
132.6 +1.40 -0.91 -0.99 -0.99 -0.92 -0.99 -0.99 -0.99 +1.40 -0.99 -0.99 -0.87 -0.99
132.6 +2.04 -0.85 -0.99 -0.99 -0.89 -0.99 -0.99 -0.99 +2.04 -0.99 -0.98 -0.83 -0.99
135.0 +2.90 +0.21 +0.00 +0.00 +0.07 +0.09 +0.06 +0.01 +0.98 +0.00 +0.08 +0.03 +0.00
135.0 +0.00 +0.14 +0.00 +0.00 +0.04 +0.06 +0.04 +0.00 +0.64 +0.00 +0.05 +0.02 +0.00
135.0 +1.40 -0.91 -0.99 -0.99 -0.92 -0.99 -0.99 -0.99 +1.40 -0.99 -0.99 -0.87 -0.99
135.0 +2.04 -0.85 -0.99 -0.99 -0.89 -0.99 -0.99 -0.99 +2.04 -0.99 -0.98 -0.83 -0.99
137.6 +2.92 +0.22 +0.00 +0.00 +0.07 +0.09 +0.06 +0.01 +1.02 +0.00 +0.08 +0.03 +0.00
137.6 +0.00 +0.14 +0.00 +0.00 +0.04 +0.06 +0.04 +0.00 +0.65 +0.00 +0.05 +0.02 +0.00
137.6 +1.41 -0.91 -0.99 -0.99 -0.94 -0.99 -0.99 -0.99 +1.41 -0.99 -0.99 -0.90 -0.99
137.6 +2.08 -0.85 -0.99 -0.99 -0.90 -0.99 -0.99 -0.99 +2.08 -0.99 -0.98 -0.86 -0.99
140.0 +2.93 +0.22 +0.00 +0.00 +0.07 +0.09 +0.06 +0.01 +1.02 +0.00 +0.08 +0.03 +0.00
140.0 +0.00 +0.14 +0.00 +0.00 +0.05 +0.06 +0.04 +0.00 +0.65 +0.00 +0.05 +0.02 +0.00
140.0 +1.42 -0.91 -0.99 -0.99 -0.95 -0.99 -0.99 -0.99 +1.42 -0.99 -0.99 -0.94 -0.99
140.0 +2.12 -0.85 -0.99 -0.99 -0.92 -0.99 -0.99 -0.99 +2.12 -0.99 -0.98 -0.90 -0.99
142.6 +2.93 +0.22 +0.00 +0.00 +0.07 +0.09 +0.06 +0.01 +1.02 +0.00 +0.08 +0.03 +0.00
142.6 +0.00 +0.14 +0.00 +0.00 +0.05 +0.06 +0.04 +0.00 +0.65 +0.00 +0.05 +0.02 +0.00
142.6 +1.43 -0.91 -0.99 -0.99 -0.96 -0.99 -0.99 -0.99 +1.43 -0.99 -0.99 -0.95 -0.99
142.6 +2.13 -0.85 -0.99 -0.99 -0.93 -0.99 -0.99 -0.99 +2.13 -0.99 -0.98 -0.92 -0.99
145.0 +2.93 +0.22 +0.00 +0.00 +0.07 +0.09 +0.06 +0.01 +1.03 +0.00 +0.08 +0.03 +0.00
145.0 +0.00 +0.14 +0.00 +0.00 +0.05 +0.06 +0.04 +0.00 +0.65 +0.00 +0.05 +0.02 +0.00
145.0 +1.43 -0.91 -0.99 -0.99 -0.96 -0.99 -0.99 -0.99 +1.43 -0.99 -0.99 -0.96 -0.99
145.0 +2.15 -0.85 -0.99 -0.99 -0.93 -0.99 -0.99 -0.99 +2.15 -0.99 -0.98 -0.93 -0.99
147.6 +2.93 +0.22 +0.00 +0.00 +0.07 +0.09 +0.06 +0.01 +1.03 +0.00 +0.08 +0.03 +0.00
147.6 +0.00 +0.14 +0.00 +0.00 +0.05 +0.06 +0.04 +0.00 +0.65 +0.00 +0.05 +0.02 +0.00
147.6 +1.44 -0.91 -0.99 -0.99 -0.96 -0.99 -0.99 -0.99 +1.44 -0.99 -0.99 -0.96 -0.99
147.6 +2.15 -0.85 -0.99 -0.99 -0.93 -0.99 -0.99 -0.99 +2.15 -0.99 -0.98 -0.93 -0.99
150.0 +2.93 +0.22 +0.00 +0.00 +0.07 +0.09 +0.06 +0.01 +1.03 +0.00 +0.08 +0.03 +0.00
150.0 +0.00 +0.14 +0.00 +0.00 +0.05 +0.06 +0.04 +0.00 +0.65 +0.00 +0.05 +0.02 +0.00
150.0 +1.44 -0.91 -0.99 -0.99 -0.96 -0.99 -0.99 -0.99 +1.44 -0.99 -0.99 -0.96 -0.99
150.0 +2.16 -0.85 -0.99 -0.99 -0.93 -0.99 -0.99 -0.99 +2.16 -0.99 -0.98 -0.93 -0.99
152.6 +2.93 +0.22 +0.00 +0.00 +0.07 +0.09 +0.06 +0.01 +1.03 +0.00 +0.08 +0.04 +0.00
152.6 +0.00 +0.14 +0.00 +0.00 +0.05 +0.06 +0.04 +0.00 +0.65 +0.00 +0.05 +0.02 +0.00
152.6 +1.44 -0.91 -0.99 -0.99 -0.96 -0.99 -0.99 -0.99 +1.44 -0.99 -0.99 -0.96 -0.99
152.6 +2.16 -0.85 -0.99 -0.99 -0.93 -0.99 -0.99 -0.99 +2.16 -0.99 -0.98 -0.93 -0.99
155.0 +2.93 +0.22 +0.00 +0.00 +0.07 +0.09 +0.06 +0.01 +1.03 +0.00 +0.08 +0.04 +0.00
155.0 +0.00 +0.14 +0.00 +0.00 +0.05 +0.06 +0.04 +0.00 +0.65 +0.00 +0.05 +0.02 +0.00
155.0 +1.44 -0.91 -0.99 -0.99 -0.96 -0.99 -0.99 -0.99 +1.44 -0.99 -0.99 -0.96 -0.99
155.0 +2.16 -0.85 -0.99 -0.99 -0.93 -0.99 -0.99 -0.99 +2.16 -0.99 -0.98 -0.93 -0.99
157.6 +2.93 +0.22 +0.00 +0.00 +0.07 +0.09 +0.06 +0.01 +1.05 +0.00 +0.08 +0.04 +0.00
157.6 +0.00 +0.13 +0.00 +0.00 +0.05 +0.05 +0.04 +0.00 +0.65 +0.00 +0.05 +0.02 +0.00
157.6 +1.46 -0.91 -0.99 -0.99 -0.96 -0.99 -0.99 -0.99 +1.46 -0.99 -0.99 -0.96 -0.99
157.6 +2.21 -0.85 -0.99 -0.99 -0.93 -0.99 -0.99 -0.99 +2.21 -0.99 -0.98 -0.93 -0.99
160.0 +2.93 +0.22 +0.00 +0.00 +0.07 +0.09 +0.06 +0.01 +1.06 +0.00 +0.08 +0.04 +0.00
160.0 +0.00 +0.13 +0.00 +0.00 +0.04 +0.05 +0.04 +0.00 +0.65 +0.00 +0.05 +0.02 +0.00
160.0 +1.48 -0.91 -0.99 -0.99 -0.96 -0.99 -0.99 -0.99 +1.48 -0.99 -0.99 -0.96 -0.99
160.0 +2.26 -0.85 -0.99 -0.99 -0.93 -0.99 -0.99 -0.99 +2.26 -0.99 -0.98 -0.93 -0.99
162.6 +2.93 +0.22 +0.00 +0.00 +0.07 +0.09 +0.06 +0.01 +1.06 +0.00 +0.09 +0.04 +0.00
162.6 +0.00 +0.13 +0.00 +0.00 +0.04 +0.05 +0.04 +0.00 +0.65 +0.00 +0.05 +0.02 +0.00
162.6 +1.49 -0.91 -0.99 -0.99 -0.96 -0.99 -0.99 -0.99 +1.49 -0.99 -0.99 -0.96 -0.99
162.6 +2.28 -0.85 -0.99 -0.99 -0.93 -0.99 -0.99 -0.99 +2.28 -0.99 -0.98 -0.93 -0.99
165.0 +2.93 +0.22 +0.00 +0.00 +0.07 +0.09 +0.06 +0.01 +1.06 +0.00 +0.09 +0.04 +0.00
165.0 +0.00 +0.13 +0.00 +0.00 +0.04 +0.05 +0.04 +0.00 +0.65 +0.00 +0.05 +0.02 +0.00
165.0 +1.49 -0.91 -0.99 -0.99 -0.96 -0.99 -0.99 -0.99 +1.49 -0.99 -0.99 -0.96 -0.99
165.0 +2.28 -0.85 -0.99 -0.99 -0.93 -0.99 -0.99 -0.99 +2.28 -0.99 -0.98 -0.93 -0.99
167.6 +2.94 +0.22 +0.00 +0.00 +0.07 +0.09 +0.06 +0.01 +1.06 +0.00 +0.09 +0.04 +0.00
167.6 +0.00 +0.13 +0.00 +0.00 +0.04 +0.05 +0.04 +0.00 +0.65 +0.00 +0.05 +0.02 +0.00
167.6 +1.49 -0.91 -0.99 -0.99 -0.96 -0.99 -0.99 -0.99 +1.49 -0.99 -0.85 -0.96 -0.99
167.6 +2.28 -0.86 -0.99 -0.99 -0.93 -0.99 -0.99 -0.99 +2.28 -0.99 -0.86 -0.93 -0.99
170.0 +2.93 +0.22 +0.00 +0.00 +0.07 +0.09 +0.06 +0.01 +1.06 +0.00 +0.12 +0.04 +0.00
170.0 +0.00 +0.13 +0.00 +0.00 +0.04 +0.05 +0.04 +0.00 +0.64 +0.00 +0.07 +0.02 +0.00
170.0 +1.49 -0.91 -0.99 -0.99 -0.96 -0.99 -0.99 -0.99 +1.49 -0.99 -0.91 -0.96 -0.99
170.0 +2.28 -0.86 -0.99 -0.99 -0.93 -0.99 -0.99 -0.99 +2.28 -0.99 -0.89 -0.93 -0.99
172.6 +2.94 +0.22 +0.00 +0.00 +0.07 +0.09 +0.06 +0.01 +1.06 +0.00 +0.13 +0.04 +0.00
172.6 +0.00 +0.13 +0.00 +0.00 +0.04 +0.05 +0.03 +0.00 +0.64 +0.00 +0.08 +0.02 +0.00
172.6 +1.49 -0.96 -0.99 -0.99 -0.96 -0.99 -0.99 -0.99 +1.49 -0.99 -0.94 -0.96 -0.99
172.6 +2.29 -0.92 -0.99 -0.99 -0.93 -0.99 -0.99 -0.99 +2.29 -0.99 -0.91 -0.93 -0.99
175.0 +2.93 +0.22 +0.00 +0.00 +0.07 +0.09 +0.06 +0.01 +1.06 +0.00 +0.13 +0.04 +0.00
175.0 +0.00 +0.13 +0.00 +0.00 +0.04 +0.05 +0.03 +0.00 +0.63 +0.00 +0.08 +0.02 +0.00
175.0 +1.49 -0.96 -0.99 -0.99 -0.96 -0.99 -0.99 -0.99 +1.49 -0.99 -0.96 -0.96 -0.99
175.0 +2.29 -0.92 -0.99 -0.99 -0.93 -0.99 -0.99 -0.99 +2.29 -0.99 -0.93 -0.93 -0.99
177.6 +2.94 +0.22 +0.00 +0.00 +0.07 +0.09 +0.06 +0.01 +1.06 +0.00 +0.14 +0.04 +0.00
177.6 +0.00 +0.13 +0.00 +0.00 +0.04 +0.05 +0.03 +0.00 +0.63 +0.00 +0.09 +0.02 +0.00
177.6 +1.49 -0.96 -0.99 -0.99 -0.96 -0.99 -0.99 -0.99 +1.49 -0.99 -0.86 -0.96 -0.99
177.6 +2.27 -0.92 -0.99 -0.99 -0.93 -0.99 -0.99 -0.99 +2.27 -0.99 -0.87 -0.93 -0.99
180.0 +2.93 +0.22 +0.00 +0.00 +0.07 +0.09 +0.06 +0.01 +1.06 +0.00 +0.14 +0.04 +0.00
180.0 +0.00 +0.13 +0.00 +0.00 +0.04 +0.05 +0.03 +0.00 +0.63 +0.00 +0.08 +0.02 +0.00
180.0 +1.49 -0.96 -0.99 -0.99 -0.96 -0.99 -0.99 -0.99 +1.49 -0.99 -0.92 -0.96 -0.99
180.0 +2.29 -0.92 -0.99 -0.99 -0.93 -0.99 -0.99 -0.99 +2.29 -0.99 -0.89 -0.93 -0.99
182.6 +2.93 +0.22 +0.00 +0.00 +0.07 +0.09 +0.06 +0.01 +1.06 +0.00 +0.14 +0.04 +0.00
182.6 +0.00 +0.13 +0.00 +0.00 +0.04 +0.05 +0.03 +0.00 +0.63 +0.00 +0.08 +0.02 +0.00
182.6 +1.50 -0.96 -0.99 -0.99 -0.96 -0.99 -0.99 -0.99 +1.50 -0.99 -0.95 -0.96 -0.99
182.6 +2.30 -0.92 -0.99 -0.99 -0.93 -0.99 -0.99 -0.99 +2.30 -0.99 -0.91 -0.93 -0.99
185.0 +2.93 +0.22 +0.00 +0.00 +0.07 +0.09 +0.06 +0.01 +1.06 +0.00 +0.14 +0.04 +0.00
185.0 +0.00 +0.13 +0.00 +0.00 +0.04 +0.05 +0.03 +0.00 +0.63 +0.00 +0.08 +0.02 +0.00
185.0 +1.50 -0.96 -0.99 -0.99 -0.96 -0.99 -0.99 -0.99 +1.50 -0.99 -0.96 -0.96 -0.99
185.0 +2.30 -0.92 -0.99 -0.99 -0.93 -0.99 -0.99 -0.99 +2.30 -0.99 -0.93 -0.93 -0.99
187.6 +2.93 +0.22 +0.00 +0.00 +0.07 +0.09 +0.06 +0.01 +1.06 +0.00 +0.14 +0.04 +0.00
187.6 +0.00 +0.13 +0.00 +0.00 +0.04 +0.05 +0.03 +0.00 +0.63 +0.00 +0.08 +0.02 +0.00
187.6 +1.50 -0.96 -0.99 -0.99 -0.96 -0.99 -0.99 -0.99 +1.50 -0.99 -0.97 -0.96 -0.99
187.6 +2.30 -0.92 -0.99 -0.99 -0.93 -0.99 -0.99 -0.99 +2.30 -0.99 -0.95 -0.93 -0.99
190.0 +2.93 +0.22 +0.00 +0.00 +0.07 +0.09 +0.06 +0.01 +1.06 +0.00 +0.14 +0.04 +0.00
190.0 +0.00 +0.13 +0.00 +0.00 +0.04 +0.05 +0.03 +0.00 +0.63 +0.00 +0.08 +0.02 +0.00
190.0 +1.50 -0.96 -0.99 -0.99 -0.96 -0.99 -0.99 -0.99 +1.50 -0.99 -0.98 -0.96 -0.99
190.0 +2.30 -0.92 -0.99 -0.99 -0.93 -0.99 -0.99 -0.99 +2.30 -0.99 -0.95 -0.93 -0.99
192.6 +2.94 +0.22 +0.00 +0.00 +0.07 +0.09 +0.06 +0.01 +1.06 +0.00 +0.14 +0.04 +0.00
192.6 +0.00 +0.13 +0.00 +0.00 +0.04 +0.05 +0.03 +0.00 +0.63 +0.00 +0.08 +0.02 +0.00
192.6 +1.50 -0.96 -0.99 -0.99 -0.96 -0.99 -0.99 -0.99 +1.50 -0.99 -0.98 -0.96 -0.99
192.6 +2.30 -0.92 -0.99 -0.99 -0.93 -0.99 -0.99 -0.99 +2.30 -0.99 -0.96 -0.93 -0.99
195.0 +2.94 +0.22 +0.00 +0.00 +0.07 +0.09 +0.06 +0.01 +1.06 +0.00 +0.14 +0.04 +0.00
195.0 +0.00 +0.13 +0.00 +0.00 +0.04 +0.05 +0.03 +0.00 +0.63 +0.00 +0.08 +0.02 +0.00
195.0 +1.50 -0.96 -0.99 -0.99 -0.96 -0.99 -0.99 -0.99 +1.50 -0.99 -0.98 -0.96 -0.99
195.0 +2.31 -0.92 -0.99 -0.99 -0.93 -0.99 -0.99 -0.99 +2.31 -0.99 -0.96 -0.93 -0.99
197.6 +2.94 +0.22 +0.00 +0.00 +0.07 +0.09 +0.06 +0.01 +1.06 +0.00 +0.14 +0.04 +0.00
197.6 +0.00 +0.13 +0.00 +0.00 +0.04 +0.05 +0.03 +0.00 +0.63 +0.00 +0.08 +0.02 +0.00
197.6 +1.50 -0.96 -0.99 -0.99 -0.96 -0.99 -0.99 -0.99 +1.50 -0.99 -0.98 -0.96 -0.99
197.6 +2.31 -0.92 -0.99 -0.99 -0.93 -0.99 -0.99 -0.99 +2.31 -0.99 -0.96 -0.93 -0.99
200.0 +2.94 +0.22 +0.00 +0.00 +0.07 +0.09 +0.06 +0.01 +1.06 +0.00 +0.14 +0.04 +0.00
200.0 +0.00 +0.13 +0.00 +0.00 +0.04 +0.05 +0.03 +0.00 +0.63 +0.00 +0.08 +0.02 +0.00
200.0 +1.50 -0.96 -0.99 -0.99 -0.96 -0.99 -0.99 -0.99 +1.50 -0.99 -0.98 -0.96 -0.99
200.0 +2.31 -0.92 -0.99 -0.99 -0.93 -0.99 -0.99 -0.99 +2.31 -0.99 -0.96 -0.93 -0.99
202.6 +2.94 +0.22 +0.00 +0.00 +0.07 +0.09 +0.06 +0.01 +1.06 +0.00 +0.14 +0.04 +0.00
202.6 +0.00 +0.13 +0.00 +0.00 +0.04 +0.05 +0.03 +0.00 +0.63 +0.00 +0.08 +0.02 +0.00
202.6 +1.50 -0.96 -0.99 -0.99 -0.96 -0.99 -0.99 -0.99 +1.50 -0.99 -0.99 -0.96 -0.99
202.6 +2.31 -0.92 -0.99 -0.99 -0.93 -0.99 -0.99 -0.99 +2.31 -0.99 -0.98 -0.93 -0.99
205.0 +2.94 +0.22 +0.00 +0.00 +0.07 +0.09 +0.06 +0.01 +1.06 +0.00 +0.14 +0.04 +0.00
205.0 +0.00 +0.13 +0.00 +0.00 +0.04 +0.05 +0.03 +0.00 +0.63 +0.00 +0.08 +0.02 +0.00
205.0 +1.50 -0.96 -0.99 -0.99 -0.96 -0.99 -0.99 -0.99 +1.50 -0.99 -0.99 -0.96 -0.99
205.0 +2.31 -0.92 -0.99 -0.99 -0.93 -0.99 -0.99 -0.99 +2.31 -0.99 -0.98 -0.93 -0.99
207.6 +2.94 +0.22 +0.00 +0.00 +0.07 +0.09 +0.06 +0.01 +1.06 +0.00 +0.14 +0.04 +0.00
207.6 +0.00 +0.13 +0.00 +0.00 +0.04 +0.05 +0.03 +0.00 +0.63 +0.00 +0.08 +0.02 +0.00
207.6 +1.50 -0.96 -0.99 -0.99 -0.96 -0.99 -0.99 -0.99 +1.50 -0.99 -0.99 -0.96 -0.99
207.6 +2.31 -0.92 -0.99 -0.99 -0.93 -0.99 -0.99 -0.99 +2.31 -0.99 -0.98 -0.93 -0.99
210.0 +2.94 +0.22 +0.00 +0.00 +0.07 +0.09 +0.06 +0.01 +1.06 +0.00 +0.14 +0.04 +0.00
210.0 +0.00 +0.13 +0.00 +0.00 +0.04 +0.05 +0.03 +0.00 +0.63 +0.00 +0.08 +0.02 +0.00
210.0 +1.50 -0.96 -0.99 -0.99 -0.96 -0.99 -0.99 -0.99 +1.50 -0.99 -0.99 -0.96 -0.99
210.0 +2.31 -0.92 -0.99 -0.99 -0.93 -0.99 -0.99 -0.99 +2.31 -0.99 -0.98 -0.93 -0.99
212.6 +2.94 +0.22 +0.00 +0.00 +0.07 +0.09 +0.06 +0.01 +1.06 +0.00 +0.14 +0.04 +0.00
212.6 +0.00 +0.13 +0.00 +0.00 +0.04 +0.05 +0.03 +0.00 +0.63 +0.00 +0.08 +0.02 +0.00
212.6 +1.50 -0.96 -0.99 -0.99 -0.96 -0.99 -0.99 -0.99 +1.50 -0.99 -0.99 -0.96 -0.99
212.6 +2.31 -0.92 -0.99 -0.99 -0.93 -0.99 -0.99 -0.99 +2.31 -0.99 -0.98 -0.93 -0.99
215.0 +2.94 +0.22 +0.00 +0.00 +0.07 +0.09 +0.06 +0.01 +1.06 +0.00 +0.14 +0.04 +0.00
215.0 +0.00 +0.13 +0.00 +0.00 +0.04 +0.05 +0.03 +0.00 +0.63 +0.00 +0.08 +0.02 +0.00
215.0 +1.50 -0.96 -0.99 -0.99 -0.96 -0.99 -0.99 -0.99 +1.50 -0.99 -0.99 -0.96 -0.99
215.0 +2.31 -0.92 -0.99 -0.99 -0.93 -0.99 -0.99 -0.99 +2.31 -0.99 -0.98 -0.93 -0.99
217.6 +2.94 +0.22 +0.00 +0.00 +0.07 +0.09 +0.06 +0.01 +1.06 +0.00 +0.14 +0.04 +0.00
217.6 +0.00 +0.13 +0.00 +0.00 +0.04 +0.05 +0.03 +0.00 +0.63 +0.00 +0.08 +0.02 +0.00
217.6 +1.50 -0.96 -0.99 -0.99 -0.96 -0.99 -0.99 -0.99 +1.50 -0.99 -0.99 -0.96 -0.99
217.6 +2.31 -0.92 -0.99 -0.99 -0.93 -0.99 -0.99 -0.99 +2.31 -0.99 -0.98 -0.93 -0.99
220.0 +2.94 +0.22 +0.00 +0.00 +0.07 +0.09 +0.06 +0.01 +1.06 +0.00 +0.14 +0.04 +0.00
220.0 +0.00 +0.13 +0.00 +0.00 +0.04 +0.05 +0.03 +0.00 +0.63 +0.00 +0.08 +0.02 +0.00
220.0 +1.50 -0.96 -0.99 -0.99 -0.96 -0.99 -0.99 -0.99 +1.50 -0.99 -0.99 -0.96 -0.99
220.0 +2.32 -0.92 -0.99 -0.99 -0.93 -0.99 -0.99 -0.99 +2.32 -0.99 -0.98 -0.93 -0.99
222.6 +2.93 +0.22 +0.00 +0.00 +0.07 +0.09 +0.06 +0.01 +1.09 +0.00 +0.14 +0.04 +0.00
222.6 +0.00 +0.13 +0.00 +0.00 +0.04 +0.05 +0.03 +0.00 +0.64 +0.00 +0.08 +0.02 +0.00
222.6 +1.52 -0.96 -0.99 -0.99 -0.96 -0.99 -0.99 -0.99 +1.52 -0.99 -0.99 -0.96 -0.99
222.6 +2.35 -0.92 -0.99 -0.99 -0.93 -0.99 -0.99 -0.99 +2.35 -0.99 -0.98 -0.93 -0.99
225.0 +2.93 +0.22 +0.00 +0.00 +0.07 +0.09 +0.06 +0.01 +1.09 +0.00 +0.14 +0.04 +0.00
225.0 +0.00 +0.13 +0.00 +0.00 +0.04 +0.05 +0.03 +0.00 +0.64 +0.00 +0.08 +0.02 +0.00
225.0 +1.53 -0.96 -0.99 -0.99 -0.96 -0.99 -0.99 -0.99 +1.53 -0.99 -0.99 -0.96 -0.99
225.0 +2.39 -0.92 -0.99 -0.99 -0.93 -0.99 -0.99 -0.99 +2.39 -0.99 -0.98 -0.93 -0.99
227.6 +2.93 +0.22 +0.00 +0.00 +0.07 +0.09 +0.06 +0.01 +1.09 +0.00 +0.14 +0.04 +0.00
227.6 +0.00 +0.13 +0.00 +0.00 +0.04 +0.05 +0.03 +0.00 +0.64 +0.00 +0.08 +0.02 +0.00
227.6 +1.53 -0.96 -0.99 -0.99 -0.96 -0.99 -0.99 -0.99 +1.53 -0.99 -0.99 -0.96 -0.99
227.6 +2.41 -0.92 -0.99 -0.99 -0.93 -0.99 -0.99 -0.99 +2.41 -0.99 -0.98 -0.93 -0.99
230.0 +2.93 +0.22 +0.00 +0.00 +0.07 +0.09 +0.06 +0.01 +1.09 +0.00 +0.14 +0.04 +0.00
230.0 +0.00 +0.13 +0.00 +0.00 +0.04 +0.05 +0.03 +0.00 +0.64 +0.00 +0.08 +0.02 +0.00
230.0 +1.54 -0.96 -0.99 -0.99 -0.96 -0.99 -0.99 -0.99 +1.54 -0.99 -0.99 -0.96 -0.99
230.0 +2.41 -0.92 -0.99 -0.99 -0.93 -0.99 -0.99 -0.99 +2.41 -0.99 -0.98 -0.93 -0.99
232.6 +2.93 +0.22 +0.00 +0.00 +0.07 +0.09 +0.06 +0.01 +1.09 +0.00 +0.14 +0.04 +0.00
232.6 +0.00 +0.13 +0.00 +0.00 +0.04 +0.05 +0.03 +0.00 +0.64 +0.00 +0.08 +0.02 +0.00
232.6 +1.54 -0.96 -0.99 -0.99 -0.96 -0.99 -0.99 -0.99 +1.54 -0.99 -0.99 -0.96 -0.99
232.6 +2.41 -0.92 -0.99 -0.99 -0.93 -0.99 -0.99 -0.99 +2.41 -0.99 -0.98 -0.93 -0.99
235.0 +2.93 +0.22 +0.00 +0.00 +0.07 +0.09 +0.06 +0.01 +1.09 +0.00 +0.14 +0.04 +0.00
235.0 +0.00 +0.13 +0.00 +0.00 +0.04 +0.05 +0.03 +0.00 +0.64 +0.00 +0.08 +0.02 +0.00
235.0 +1.54 -0.96 -0.99 -0.99 -0.96 -0.99 -0.99 -0.99 +1.54 -0.99 -0.99 -0.96 -0.99
235.0 +2.42 -0.92 -0.99 -0.99 -0.93 -0.99 -0.99 -0.99 +2.42 -0.99 -0.98 -0.93 -0.99
237.6 +2.93 +0.22 +0.00 +0.00 +0.07 +0.09 +0.06 +0.01 +1.09 +0.00 +0.14 +0.04 +0.00
237.6 +0.00 +0.13 +0.00 +0.00 +0.04 +0.05 +0.03 +0.00 +0.64 +0.00 +0.08 +0.02 +0.00
237.6 +1.54 -0.96 -0.99 -0.99 -0.96 -0.99 -0.99 -0.99 +1.54 -0.99 -0.99 -0.96 -0.99
237.6 +2.42 -0.92 -0.99 -0.99 -0.93 -0.99 -0.99 -0.99 +2.42 -0.99 -0.98 -0.93 -0.99
240.0 +2.93 +0.22 +0.00 +0.00 +0.07 +0.09 +0.06 +0.01 +1.09 +0.00 +0.14 +0.04 +0.00
240.0 +0.00 +0.13 +0.00 +0.00 +0.04 +0.05 +0.03 +0.00 +0.64 +0.00 +0.08 +0.02 +0.00
240.0 +1.54 -0.96 -0.99 -0.99 -0.96 -0.99 -0.99 -0.99 +1.54 -0.99 -0.99 -0.96 -0.99
240.0 +2.42 -0.92 -0.99 -0.99 -0.93 -0.99 -0.99 -0.99 +2.42 -0.99 -0.98 -0.93 -0.99
242.6 +2.93 +0.22 +0.00 +0.00 +0.07 +0.09 +0.06 +0.01 +1.09 +0.00 +0.14 +0.04 +0.00
242.6 +0.00 +0.13 +0.00 +0.00 +0.04 +0.05 +0.03 +0.00 +0.64 +0.00 +0.08 +0.02 +0.00
242.6 +1.54 -0.96 -0.99 -0.99 -0.96 -0.99 -0.99 -0.99 +1.54 -0.99 -0.99 -0.96 -0.99
242.6 +2.42 -0.92 -0.99 -0.99 -0.93 -0.99 -0.99 -0.99 +2.42 -0.99 -0.98 -0.93 -0.99
245.0 +2.93 +0.22 +0.00 +0.00 +0.07 +0.09 +0.06 +0.01 +1.09 +0.00 +0.14 +0.04 +0.00
245.0 +0.00 +0.13 +0.00 +0.00 +0.04 +0.05 +0.03 +0.00 +0.64 +0.00 +0.08 +0.02 +0.00
245.0 +1.54 -0.96 -0.99 -0.99 -0.96 -0.99 -0.99 -0.99 +1.54 -0.99 -0.99 -0.96 -0.99
245.0 +2.42 -0.92 -0.99 -0.99 -0.93 -0.99 -0.99 -0.99 +2.42 -0.99 -0.98 -0.93 -0.99
247.6 +2.93 +0.22 +0.00 +0.00 +0.07 +0.09 +0.06 +0.01 +1.09 +0.00 +0.14 +0.04 +0.00
247.6 +0.00 +0.13 +0.00 +0.00 +0.04 +0.05 +0.03 +0.00 +0.64 +0.00 +0.08 +0.02 +0.00
247.6 +1.54 -0.96 -0.99 -0.99 -0.96 -0.99 -0.99 -0.99 +1.54 -0.99 -0.99 -0.96 -0.99
247.6 +2.42 -0.92 -0.99 -0.99 -0.93 -0.99 -0.99 -0.99 +2.42 -0.99 -0.98 -0.93 -0.99
250.0 +2.93 +0.22 +0.00 +0.00 +0.07 +0.09 +0.06 +0.01 +1.09 +0.00 +0.14 +0.04 +0.00
250.0 +0.00 +0.13 +0.00 +0.00 +0.04 +0.05 +0.03 +0.00 +0.64 +0.00 +0.08 +0.02 +0.00
250.0 +1.54 -0.96 -0.99 -0.99 -0.96 -0.99 -0.99 -0.99 +1.54 -0.99 -0.99 -0.96 -0.99
250.0 +2.42 -0.92 -0.99 -0.99 -0.93 -0.99 -0.99 -0.99 +2.42 -0.99 -0.98 -0.93 -0.99
252.6 +2.93 +0.22 +0.00 +0.00 +0.07 +0.09 +0.06 +0.01 +1.09 +0.00 +0.14 +0.04 +0.00
252.6 +0.00 +0.13 +0.00 +0.00 +0.04 +0.05 +0.03 +0.00 +0.64 +0.00 +0.08 +0.02 +0.00
252.6 +1.54 -0.96 -0.99 -0.99 -0.96 -0.99 -0.99 -0.99 +1.54 -0.99 -0.99 -0.96 -0.99
252.6 +2.42 -0.92 -0.99 -0.99 -0.93 -0.99 -0.99 -0.99 +2.42 -0.99 -0.98 -0.93 -0.99
255.0 +2.93 +0.22 +0.00 +0.00 +0.07 +0.09 +0.06 +0.01 +1.09 +0.00 +0.14 +0.04 +0.00
255.0 +0.00 +0.13 +0.00 +0.00 +0.04 +0.05 +0.03 +0.00 +0.64 +0.00 +0.08 +0.02 +0.00
255.0 +1.54 -0.96 -0.99 -0.99 -0.96 -0.99 -0.99 -0.99 +1.54 -0.99 -0.99 -0.96 -0.99
255.0 +2.42 -0.92 -0.99 -0.99 -0.93 -0.99 -0.99 -0.99 +2.42 -0.99 -0.98 -0.93 -0.99
257.6 +2.93 +0.22 +0.00 +0.00 +0.07 +0.09 +0.06 +0.01 +1.09 +0.00 +0.14 +0.04 +0.00
257.6 +0.00 +0.13 +0.00 +0.00 +0.04 +0.05 +0.03 +0.00 +0.64 +0.00 +0.08 +0.02 +0.00
257.6 +1.54 -0.96 -0.99 -0.99 -0.96 -0.99 -0.99 -0.99 +1.54 -0.99 -0.99 -0.96 -0.99
257.6 +2.42 -0.92 -0.99 -0.99 -0.93 -0.99 -0.99 -0.99 +2.42 -0.99 -0.98 -0.93 -0.99
260.0 +2.93 +0.22 +0.00 +0.00 +0.07 +0.09 +0.06 +0.01 +1.09 +0.00 +0.14 +0.04 +0.00
260.0 +0.00 +0.13 +0.00 +0.00 +0.04 +0.05 +0.03 +0.00 +0.64 +0.00 +0.08 +0.02 +0.00
260.0 +1.54 -0.96 -0.99 -0.99 -0.96 -0.99 -0.99 -0.99 +1.54 -0.99 -0.99 -0.96 -0.99
260.0 +2.42 -0.92 -0.99 -0.99 -0.93 -0.99 -0.99 -0.99 +2.42 -0.99 -0.98 -0.93 -0.99
262.6 +2.93 +0.22 +0.00 +0.00 +0.07 +0.09 +0.06 +0.01 +1.09 +0.00 +0.14 +0.04 +0.00
262.6 +0.00 +0.13 +0.00 +0.00 +0.04 +0.05 +0.03 +0.00 +0.64 +0.00 +0.08 +0.02 +0.00
262.6 +1.54 -0.96 -0.99 -0.99 -0.96 -0.99 -0.99 -0.99 +1.54 -0.99 -0.99 -0.96 -0.99
262.6 +2.42 -0.92 -0.99 -0.99 -0.93 -0.99 -0.99 -0.99 +2.42 -0.99 -0.98 -0.93 -0.99
265.0 +2.93 +0.22 +0.00 +0.00 +0.07 +0.09 +0.06 +0.01 +1.09 +0.00 +0.14 +0.04 +0.00
265.0 +0.00 +0.13 +0.00 +0.00 +0.04 +0.05 +0.03 +0.00 +0.64 +0.00 +0.08 +0.02 +0.00
265.0 +1.54 -0.96 -0.99 -0.99 -0.96 -0.99 -0.99 -0.99 +1.54 -0.99 -0.99 -0.96 -0.99
265.0 +2.42 -0.92 -0.99 -0.99 -0.93 -0.99 -0.99 -0.99 +2.42 -0.99 -0.98 -0.93 -0.99
267.6 +2.93 +0.22 +0.00 +0.00 +0.07 +0.09 +0.06 +0.01 +1.09 +0.00 +0.14 +0.04 +0.00
267.6 +0.00 +0.13 +0.00 +0.00 +0.04 +0.05 +0.03 +0.00 +0.64 +0.00 +0.08 +0.02 +0.00
267.6 +1.54 -0.96 -0.99 -0.99 -0.96 -0.99 -0.99 -0.99 +1.54 -0.99 -0.99 -0.96 -0.99
267.6 +2.42 -0.92 -0.99 -0.99 -0.93 -0.99 -0.99 -0.99 +2.42 -0.99 -0.98 -0.93 -0.99
270.0 +2.93 +0.22 +0.00 +0.00 +0.07 +0.09 +0.06 +0.01 +1.09 +0.00 +0.14 +0.04 +0.00
270.0 +0.00 +0.13 +0.00 +0.00 +0.04 +0.05 +0.03 +0.00 +0.64 +0.00 +0.08 +0.02 +0.00
270.0 +1.54 -0.96 -0.99 -0.99 -0.96 -0.99 -0.99 -0.99 +1.54 -0.99 -0.99 -0.96 -0.99
270.0 +2.42 -0.92 -0.99 -0.99 -0.93 -0.99 -0.99 -0.99 +2.42 -0.99 -0.98 -0.93 -0.99
272.6 +2.93 +0.22 +0.00 +0.00 +0.07 +0.09 +0.06 +0.01 +1.09 +0.00 +0.14 +0.04 +0.00
272.6 +0.00 +0.13 +0.00 +0.00 +0.04 +0.05 +0.03 +0.00 +0.64 +0.00 +0.08 +0.02 +0.00
272.6 +1.54 -0.96 -0.99 -0.99 -0.96 -0.99 -0.99 -0.99 +1.54 -0.99 -0.99 -0.96 -0.99
272.6 +2.42 -0.92 -0.99 -0.99 -0.93 -0.99 -0.99 -0.99 +2.42 -0.99 -0.98 -0.93 -0.99
275.0 +2.93 +0.22 +0.00 +0.00 +0.07 +0.09 +0.06 +0.01 +1.09 +0.00 +0.14 +0.04 +0.00
275.0 +0.00 +0.13 +0.00 +0.00 +0.04 +0.05 +0.03 +0.00 +0.64 +0.00 +0.08 +0.02 +0.00
275.0 +1.54 -0.96 -0.99 -0.99 -0.96 -0.99 -0.99 -0.99 +1.54 -0.99 -0.99 -0.96 -0.99
275.0 +2.42 -0.92 -0.99 -0.99 -0.93 -0.99 -0.99 -0.99 +2.42 -0.99 -0.98 -0.93 -0.99
277.6 +2.93 +0.22 +0.00 +0.00 +0.07 +0.09 +0.06 +0.01 +1.09 +0.00 +0.14 +0.04 +0.00
277.6 +0.00 +0.13 +0.00 +0.00 +0.04 +0.05 +0.03 +0.00 +0.64 +0.00 +0.08 +0.02 +0.00
277.6 +1.54 -0.96 -0.99 -0.99 -0.96 -0.99 -0.99 -0.99 +1.54 -0.99 -0.99 -0.96 -0.99
277.6 +2.42 -0.92 -0.99 -0.99 -0.93 -0.99 -0.99 -0.99 +2.42 -0.99 -0.98 -0.93 -0.99
280.0 +2.93 +0.22 +0.00 +0.00 +0.07 +0.09 +0.06 +0.01 +1.09 +0.00 +0.14 +0.04 +0.00
280.0 +0.00 +0.13 +0.00 +0.00 +0.04 +0.05 +0.03 +0.00 +0.64 +0.00 +0.08 +0.02 +0.00
280.0 +1.54 -0.96 -0.99 -0.99 -0.96 -0.99 -0.99 -0.99 +1.54 -0.99 -0.99 -0.96 -0.99
280.0 +2.42 -0.92 -0.99 -0.99 -0.93 -0.99 -0.99 -0.99 +2.42 -0.99 -0.98 -0.93 -0.99
282.6 +2.93 +0.22 +0.00 +0.00 +0.07 +0.09 +0.06 +0.01 +1.09 +0.00 +0.14 +0.04 +0.00
282.6 +0.00 +0.13 +0.00 +0.00 +0.04 +0.05 +0.03 +0.00 +0.64 +0.00 +0.08 +0.02 +0.00
282.6 +1.54 -0.96 -0.99 -0.99 -0.96 -0.99 -0.99 -0.99 +1.54 -0.99 -0.99 -0.96 -0.99
282.6 +2.42 -0.92 -0.99 -0.99 -0.93 -0.99 -0.99 -0.99 +2.42 -0.99 -0.98 -0.93 -0.99
285.0 +2.93 +0.22 +0.00 +0.00 +0.07 +0.09 +0.06 +0.01 +1.09 +0.00 +0.14 +0.04 +0.00
285.0 +0.00 +0.13 +0.00 +0.00 +0.04 +0.05 +0.03 +0.00 +0.64 +0.00 +0.08 +0.02 +0.00
285.0 +1.54 -0.96 -0.99 -0.99 -0.96 -0.99 -0.99 -0.99 +1.54 -0.99 -0.99 -0.96 -0.99
285.0 +2.42 -0.92 -0.99 -0.99 -0.93 -0.99 -0.99 -0.99 +2.42 -0.99 -0.98 -0.93 -0.99
287.6 +2.93 +0.22 +0.00 +0.00 +0.07 +0.09 +0.06 +0.01 +1.09 +0.00 +0.14 +0.04 +0.00
287.6 +0.00 +0.13 +0.00 +0.00 +0.04 +0.05 +0.03 +0.00 +0.64 +0.00 +0.08 +0.02 +0.00
287.6 +1.54 -0.96 -0.99 -0.99 -0.96 -0.99 -0.99 -0.99 +1.54 -0.99 -0.99 -0.96 -0.99
287.6 +2.42 -0.92 -0.99 -0.99 -0.93 -0.99 -0.99 -0.99 +2.42 -0.99 -0.98 -0.93 -0.99
290.0 +2.93 +0.22 +0.00 +0.00 +0.07 +0.09 +0.06 +0.01 +1.09 +0.00 +0.14 +0.04 +0.00
290.0 +0.00 +0.13 +0.00 +0.00 +0.04 +0.05 +0.03 +0.00 +0.64 +0.00 +0.08 +0.02 +0.00
290.0 +1.54 -0.96 -0.99 -0.99 -0.96 -0.99 -0.99 -0.99 +1.54 -0.99 -0.99 -0.96 -0.99
290.0 +2.42 -0.92 -0.99 -0.99 -0.93 -0.99 -0.99 -0.99 +2.42 -0.99 -0.98 -0.93 -0.99
292.6 +2.93 +0.22 +0.00 +0.00 +0.07 +0.09 +0.06 +0.01 +1.09 +0.00 +0.14 +0.04 +0.00
292.6 +0.00 +0.13 +0.00 +0.00 +0.04 +0.05 +0.03 +0.00 +0.64 +0.00 +0.08 +0.02 +0.00
292.6 +1.54 -0.96 -0.99 -0.99 -0.96 -0.99 -0.99 -0.99 +1.54 -0.99 -0.99 -0.96 -0.99
292.6 +2.42 -0.92 -0.99 -0.99 -0.93 -0.99 -0.99 -0.99 +2.42 -0.99 -0.98 -0.93 -0.99
295.0 +2.93 +0.22 +0.00 +0.00 +0.07 +0.09 +0.06 +0.01 +1.09 +0.00 +0.14 +0.04 +0.00
295.0 +0.00 +0.13 +0.00 +0.00 +0.04 +0.05 +0.03 +0.00 +0.64 +0.00 +0.08 +0.02 +0.00
295.0 +1.54 -0.96 -0.99 -0.99 -0.96 -0.99 -0.99 -0.99 +1.54 -0.99 -0.99 -0.96 -0.99
295.0 +2.42 -0.92 -0.99 -0.99 -0.93 -0.99 -0.99 -0.99 +2.42 -0.99 -0.98 -0.93 -0.99
297.6 +2.93 +0.22 +0.00 +0.00 +0.07 +0.09 +0.06 +0.01 +1.09 +0.00 +0.14 +0.04 +0.00
297.6 +0.00 +0.13 +0.00 +0.00 +0.04 +0.05 +0.03 +0.00 +0.64 +0.00 +0.08 +0.02 +0.00
297.6 +1.54 -0.96 -0.99 -0.99 -0.96 -0.99 -0.99 -0.99 +1.54 -0.99 -0.99 -0.96 -0.99
297.6 +2.42 -0.92 -0.99 -0.99 -0.93 -0.99 -0.99 -0.99 +2.42 -0.99 -0.98 -0.93 -0.99
300.0 +2.93 +0.22 +0.00 +0.00 +0.07 +0.09 +0.06 +0.01 +1.09 +0.00 +0.14 +0.04 +0.00
300.0 +0.00 +0.13 +0.00 +0.00 +0.04 +0.05 +0.03 +0.00 +0.64 +0.00 +0.08 +0.02 +0.00
300.0 +1.54 -0.96 -0.99 -0.99 -0.96 -0.99 -0.99 -0.99 +1.54 -0.99 -0.99 -0.96 -0.99
300.0 +2.42 -0.92 -0.99 -0.99 -0.93 -0.99 -0.99 -0.99 +2.42 -0.99 -0.98 -0.93 -0.99
302.6 +2.93 +0.22 +0.00 +0.00 +0.07 +0.09 +0.06 +0.01 +1.09 +0.00 +0.14 +0.04 +0.00
302.6 +0.00 +0.13 +0.00 +0.00 +0.04 +0.05 +0.03 +0.00 +0.64 +0.00 +0.08 +0.02 +0.00
302.6 +1.54 -0.96 -0.99 -0.99 -0.96 -0.99 -0.99 -0.99 +1.54 -0.99 -0.99 -0.96 -0.99
302.6 +2.42 -0.92 -0.99 -0.99 -0.93 -0.99 -0.99 -0.99 +2.42 -0.99 -0.98 -0.93 -0.99
305.0 +2.93 +0.22 +0.00 +0.00 +0.07 +0.09 +0.06 +0.01 +1.09 +0.00 +0.14 +0.04 +0.00
305.0 +0.00 +0.13 +0.00 +0.00 +0.04 +0.05 +0.03 +0.00 +0.64 +0.00 +0.08 +0.02 +0.00
305.0 +1.54 -0.96 -0.99 -0.99 -0.96 -0.99 -0.99 -0.99 +1.54 -0.99 -0.99 -0.96 -0.99
305.0 +2.42 -0.92 -0.99 -0.99 -0.93 -0.99 -0.99 -0.99 +2.42 -0.99 -0.98 -0.93 -0.99
307.6 +2.93 +0.22 +0.00 +0.00 +0.07 +0.09 +0.06 +0.01 +1.09 +0.00 +0.14 +0.04 +0.00
307.6 +0.00 +0.13 +0.00 +0.00 +0.04 +0.05 +0.03 +0.00 +0.64 +0.00 +0.08 +0.02 +0.00
307.6 +1.54 -0.96 -0.99 -0.99 -0.96 -0.99 -0.99 -0.99 +1.54 -0.99 -0.99 -0.96 -0.99
307.6 +2.42 -0.92 -0.99 -0.99 -0.93 -0.99 -0.99 -0.99 +2.42 -0.99 -0.98 -0.93 -0.99
310.0 +2.93 +0.22 +0.00 +0.00 +0.07 +0.09 +0.06 +0.01 +1.09 +0.00 +0.14 +0.04 +0.00
310.0 +0.00 +0.13 +0.00 +0.00 +0.04 +0.05 +0.03 +0.00 +0.64 +0.00 +0.08 +0.02 +0.00
310.0 +1.54 -0.96 -0.99 -0.99 -0.96 -0.99 -0.99 -0.99 +1.54 -0.99 -0.99 -0.96 -0.99
310.0 +2.42 -0.92 -0.99 -0.99 -0.93 -0.99 -0.99 -0.99 +2.42 -0.99 -0.98 -0.93 -0.99
312.6 +2.92 +0.22 +0.00 +0.00 +0.07 +0.09 +0.06 +0.01 +1.11 +0.00 +0.14 +0.04 +0.00
312.6 +0.00 +0.13 +0.00 +0.00 +0.04 +0.05 +0.03 +0.00 +0.64 +0.00 +0.08 +0.02 +0.00
312.6 +1.55 -0.96 -0.99 -0.99 -0.96 -0.99 -0.99 -0.99 +1.55 -0.99 -0.99 -0.96 -0.99
312.6 +2.46 -0.92 -0.99 -0.99 -0.93 -0.99 -0.99 -0.99 +2.46 -0.99 -0.98 -0.93 -0.99
315.0 +2.92 +0.22 +0.00 +0.00 +0.07 +0.09 +0.06 +0.01 +1.11 +0.00 +0.14 +0.04 +0.00
315.0 +0.00 +0.13 +0.00 +0.00 +0.04 +0.05 +0.03 +0.00 +0.64 +0.00 +0.08 +0.02 +0.00
315.0 +1.57 -0.96 -0.99 -0.99 -0.96 -0.99 -0.99 -0.99 +1.57 -0.99 -0.99 -0.96 -0.99
315.0 +2.51 -0.92 -0.99 -0.99 -0.94 -0.99 -0.99 -0.99 +2.51 -0.99 -0.98 -0.93 -0.99
317.6 +2.92 +0.22 +0.00 +0.00 +0.07 +0.09 +0.06 +0.01 +1.11 +0.00 +0.14 +0.04 +0.00
317.6 +0.00 +0.13 +0.00 +0.00 +0.04 +0.05 +0.03 +0.00 +0.64 +0.00 +0.08 +0.02 +0.00
317.6 +1.59 -0.96 -0.99 -0.99 -0.96 -0.99 -0.99 -0.99 +1.59 -0.99 -0.99 -0.96 -0.99
317.6 +2.55 -0.92 -0.99 -0.99 -0.94 -0.99 -0.99 -0.99 +2.55 -0.99 -0.98 -0.93 -0.99
320.0 +2.92 +0.22 +0.00 +0.00 +0.07 +0.09 +0.06 +0.01 +1.11 +0.00 +0.14 +0.04 +0.00
320.0 +0.00 +0.13 +0.00 +0.00 +0.04 +0.05 +0.03 +0.00 +0.64 +0.00 +0.08 +0.02 +0.00
320.0 +1.59 -0.96 -0.99 -0.99 -0.96 -0.99 -0.99 -0.99 +1.59 -0.99 -0.99 -0.96 -0.99
320.0 +2.56 -0.92 -0.99 -0.99 -0.94 -0.99 -0.99 -0.99 +2.56 -0.99 -0.98 -0.93 -0.99
322.6 +2.92 +0.22 +0.00 +0.00 +0.07 +0.09 +0.06 +0.01 +1.11 +0.00 +0.14 +0.04 +0.00
322.6 +0.00 +0.13 +0.00 +0.00 +0.04 +0.05 +0.03 +0.00 +0.64 +0.00 +0.08 +0.02 +0.00
322.6 +1.59 -0.96 -0.99 -0.99 -0.96 -0.99 -0.99 -0.99 +1.59 -0.99 -0.99 -0.96 -0.99
322.6 +2.56 -0.92 -0.99 -0.99 -0.94 -0.99 -0.99 -0.99 +2.56 -0.99 -0.98 -0.93 -0.99
325.0 +2.92 +0.22 +0.00 +0.00 +0.07 +0.09 +0.06 +0.01 +1.11 +0.00 +0.14 +0.04 +0.00
325.0 +0.00 +0.13 +0.00 +0.00 +0.04 +0.05 +0.03 +0.00 +0.64 +0.00 +0.08 +0.02 +0.00
325.0 +1.59 -0.96 -0.99 -0.99 -0.96 -0.99 -0.99 -0.99 +1.59 -0.99 -0.99 -0.96 -0.99
325.0 +2.56 -0.92 -0.99 -0.99 -0.94 -0.99 -0.99 -0.99 +2.56 -0.99 -0.98 -0.93 -0.99
327.6 +2.92 +0.22 +0.00 +0.00 +0.07 +0.09 +0.06 +0.01 +1.11 +0.00 +0.14 +0.04 +0.00
327.6 +0.00 +0.13 +0.00 +0.00 +0.04 +0.05 +0.03 +0.00 +0.64 +0.00 +0.08 +0.02 +0.00
327.6 +1.59 -0.96 -0.99 -0.99 -0.96 -0.99 -0.99 -0.99 +1.59 -0.99 -0.99 -0.96 -0.99
327.6 +2.56 -0.92 -0.99 -0.99 -0.94 -0.99 -0.99 -0.99 +2.56 -0.99 -0.98 -0.93 -0.99
330.0 +2.92 +0.22 +0.00 +0.00 +0.07 +0.09 +0.06 +0.01 +1.11 +0.00 +0.14 +0.04 +0.00
330.0 +0.00 +0.13 +0.00 +0.00 +0.04 +0.05 +0.03 +0.00 +0.64 +0.00 +0.08 +0.02 +0.00
330.0 +1.59 -0.96 -0.99 -0.99 -0.96 -0.99 -0.99 -0.99 +1.59 -0.99 -0.99 -0.96 -0.99
330.0 +2.56 -0.92 -0.99 -0.99 -0.94 -0.99 -0.99 -0.99 +2.56 -0.99 -0.98 -0.93 -0.99
332.6 +2.92 +0.22 +0.00 +0.00 +0.07 +0.09 +0.06 +0.01 +1.11 +0.00 +0.14 +0.04 +0.00
332.6 +0.00 +0.13 +0.00 +0.00 +0.04 +0.05 +0.03 +0.00 +0.64 +0.00 +0.08 +0.02 +0.00
332.6 +1.59 -0.96 -0.99 -0.99 -0.96 -0.99 -0.99 -0.99 +1.59 -0.99 -0.99 -0.96 -0.99
332.6 +2.56 -0.92 -0.99 -0.99 -0.94 -0.99 -0.99 -0.99 +2.56 -0.99 -0.98 -0.93 -0.99
335.0 +2.92 +0.22 +0.00 +0.00 +0.07 +0.09 +0.06 +0.01 +1.11 +0.00 +0.14 +0.04 +0.00
335.0 +0.00 +0.13 +0.00 +0.00 +0.04 +0.05 +0.03 +0.00 +0.64 +0.00 +0.08 +0.02 +0.00
335.0 +1.59 -0.96 -0.99 -0.99 -0.96 -0.99 -0.99 -0.99 +1.59 -0.99 -0.99 -0.96 -0.99
335.0 +2.56 -0.92 -0.99 -0.99 -0.94 -0.99 -0.99 -0.99 +2.56 -0.99 -0.98 -0.93 -0.99
337.6 +2.92 +0.22 +0.00 +0.00 +0.07 +0.09 +0.06 +0.01 +1.11 +0.00 +0.14 +0.04 +0.00
337.6 +0.00 +0.13 +0.00 +0.00 +0.04 +0.05 +0.03 +0.00 +0.64 +0.00 +0.08 +0.02 +0.00
337.6 +1.59 -0.96 -0.99 -0.99 -0.96 -0.99 -0.99 -0.99 +1.59 -0.99 -0.99 -0.96 -0.99
337.6 +2.56 -0.92 -0.99 -0.99 -0.94 -0.99 -0.99 -0.99 +2.56 -0.99 -0.98 -0.93 -0.99
340.0 +2.92 +0.22 +0.00 +0.00 +0.07 +0.09 +0.06 +0.01 +1.11 +0.00 +0.14 +0.04 +0.00
340.0 +0.00 +0.13 +0.00 +0.00 +0.04 +0.05 +0.03 +0.00 +0.64 +0.00 +0.08 +0.02 +0.00
340.0 +1.59 -0.96 -0.99 -0.99 -0.96 -0.99 -0.99 -0.99 +1.59 -0.99 -0.99 -0.96 -0.99
340.0 +2.56 -0.92 -0.99 -0.99 -0.94 -0.99 -0.99 -0.99 +2.56 -0.99 -0.98 -0.93 -0.99
342.6 +2.92 +0.22 +0.00 +0.00 +0.07 +0.09 +0.06 +0.01 +1.11 +0.00 +0.14 +0.04 +0.00
342.6 +0.00 +0.13 +0.00 +0.00 +0.04 +0.05 +0.03 +0.00 +0.64 +0.00 +0.08 +0.02 +0.00
342.6 +1.59 -0.96 -0.99 -0.99 -0.96 -0.99 -0.99 -0.99 +1.59 -0.99 -0.99 -0.96 -0.99
342.6 +2.56 -0.92 -0.99 -0.99 -0.94 -0.99 -0.99 -0.99 +2.56 -0.99 -0.98 -0.93 -0.99
345.0 +2.92 +0.22 +0.00 +0.00 +0.07 +0.09 +0.06 +0.01 +1.11 +0.00 +0.14 +0.04 +0.00
345.0 +0.00 +0.13 +0.00 +0.00 +0.04 +0.05 +0.03 +0.00 +0.64 +0.00 +0.08 +0.02 +0.00
345.0 +1.59 -0.96 -0.99 -0.99 -0.96 -0.99 -0.99 -0.99 +1.59 -0.99 -0.99 -0.96 -0.99
345.0 +2.56 -0.92 -0.99 -0.99 -0.94 -0.99 -0.99 -0.99 +2.56 -0.99 -0.98 -0.93 -0.99
347.6 +2.92 +0.22 +0.00 +0.00 +0.07 +0.09 +0.06 +0.01 +1.11 +0.00 +0.14 +0.04 +0.00
347.6 +0.00 +0.13 +0.00 +0.00 +0.04 +0.05 +0.03 +0.00 +0.64 +0.00 +0.08 +0.02 +0.00
347.6 +1.59 -0.96 -0.99 -0.99 -0.96 -0.99 -0.99 -0.99 +1.59 -0.99 -0.99 -0.96 -0.99
347.6 +2.56 -0.92 -0.99 -0.99 -0.94 -0.99 -0.99 -0.99 +2.56 -0.99 -0.98 -0.93 -0.99
350.0 +2.92 +0.22 +0.00 +0.00 +0.07 +0.09 +0.06 +0.01 +1.11 +0.00 +0.14 +0.04 +0.00
350.0 +0.00 +0.13 +0.00 +0.00 +0.04 +0.05 +0.03 +0.00 +0.64 +0.00 +0.08 +0.02 +0.00
350.0 +1.59 -0.96 -0.99 -0.99 -0.96 -0.99 -0.99 -0.99 +1.59 -0.99 -0.99 -0.96 -0.99
350.0 +2.56 -0.92 -0.99 -0.99 -0.94 -0.99 -0.99 -0.99 +2.56 -0.99 -0.98 -0.93 -0.99
352.6 +2.92 +0.22 +0.00 +0.00 +0.07 +0.09 +0.06 +0.01 +1.11 +0.00 +0.14 +0.04 +0.00
352.6 +0.00 +0.13 +0.00 +0.00 +0.04 +0.05 +0.03 +0.00 +0.64 +0.00 +0.08 +0.02 +0.00
352.6 +1.59 -0.96 -0.99 -0.99 -0.96 -0.99 -0.99 -0.99 +1.59 -0.99 -0.99 -0.96 -0.99
352.6 +2.56 -0.92 -0.99 -0.99 -0.94 -0.99 -0.99 -0.99 +2.56 -0.99 -0.98 -0.93 -0.99
355.0 +2.92 +0.22 +0.00 +0.00 +0.07 +0.09 +0.06 +0.01 +1.11 +0.00 +0.14 +0.04 +0.00
355.0 +0.00 +0.13 +0.00 +0.00 +0.04 +0.05 +0.03 +0.00 +0.64 +0.00 +0.08 +0.02 +0.00
355.0 +1.59 -0.96 -0.99 -0.99 -0.96 -0.99 -0.99 -0.99 +1.59 -0.99 -0.99 -0.96 -0.99
355.0 +2.56 -0.92 -0.99 -0.99 -0.94 -0.99 -0.99 -0.99 +2.56 -0.99 -0.98 -0.93 -0.99
357.6 +2.92 +0.22 +0.00 +0.00 +0.07 +0.09 +0.06 +0.01 +1.11 +0.00 +0.14 +0.04 +0.00
357.6 +0.00 +0.13 +0.00 +0.00 +0.04 +0.05 +0.03 +0.00 +0.64 +0.00 +0.08 +0.02 +0.00
357.6 +1.59 -0.96 -0.99 -0.99 -0.96 -0.99 -0.99 -0.99 +1.59 -0.99 -0.99 -0.96 -0.99
357.6 +2.56 -0.92 -0.99 -0.99 -0.94 -0.99 -0.99 -0.99 +2.56 -0.99 -0.98 -0.93 -0.99
360.0 +2.92 +0.22 +0.00 +0.00 +0.07 +0.09 +0.06 +0.01 +1.11 +0.00 +0.14 +0.04 +0.00
360.0 +0.00 +0.13 +0.00 +0.00 +0.04 +0.05 +0.03 +0.00 +0.64 +0.00 +0.08 +0.02 +0.00
360.0 +1.59 -0.96 -0.99 -0.99 -0.96 -0.99 -0.99 -0.99 +1.59 -0.99 -0.99 -0.96 -0.99
360.0 +2.56 -0.92 -0.99 -0.99 -0.94 -0.99 -0.99 -0.99 +2.56 -0.99 -0.98 -0.93 -0.99
362.6 +2.92 +0.22 +0.00 +0.00 +0.07 +0.09 +0.06 +0.01 +1.11 +0.00 +0.14 +0.04 +0.00
362.6 +0.00 +0.13 +0.00 +0.00 +0.04 +0.05 +0.03 +0.00 +0.64 +0.00 +0.08 +0.02 +0.00
362.6 +1.59 -0.96 -0.99 -0.99 -0.96 -0.99 -0.99 -0.99 +1.59 -0.99 -0.99 -0.96 -0.99
362.6 +2.56 -0.92 -0.99 -0.99 -0.94 -0.99 -0.99 -0.99 +2.56 -0.99 -0.98 -0.93 -0.99
365.0 +2.92 +0.22 +0.00 +0.00 +0.07 +0.09 +0.06 +0.01 +1.11 +0.00 +0.14 +0.04 +0.00
365.0 +0.00 +0.13 +0.00 +0.00 +0.04 +0.05 +0.03 +0.00 +0.64 +0.00 +0.08 +0.02 +0.00
365.0 +1.59 -0.96 -0.99 -0.99 -0.96 -0.99 -0.99 -0.99 +1.59 -0.99 -0.99 -0.96 -0.99
365.0 +2.56 -0.92 -0.99 -0.99 -0.94 -0.99 -0.99 -0.99 +2.56 -0.99 -0.98 -0.93 -0.99
367.6 +2.92 +0.22 +0.00 +0.00 +0.07 +0.09 +0.06 +0.01 +1.11 +0.00 +0.14 +0.04 +0.00
367.6 +0.00 +0.13 +0.00 +0.00 +0.04 +0.05 +0.03 +0.00 +0.64 +0.00 +0.08 +0.02 +0.00
367.6 +1.59 -0.96 -0.99 -0.99 -0.96 -0.99 -0.99 -0.99 +1.59 -0.99 -0.99 -0.96 -0.99
367.6 +2.56 -0.92 -0.99 -0.99 -0.94 -0.99 -0.99 -0.99 +2.56 -0.99 -0.98 -0.93 -0.99
370.0 +2.92 +0.22 +0.00 +0.00 +0.07 +0.09 +0.06 +0.01 +1.11 +0.00 +0.14 +0.04 +0.00
370.0 +0.00 +0.13 +0.00 +0.00 +0.04 +0.05 +0.03 +0.00 +0.64 +0.00 +0.08 +0.02 +0.00
370.0 +1.59 -0.96 -0.99 -0.99 -0.96 -0.99 -0.99 -0.99 +1.59 -0.99 -0.99 -0.96 -0.99
370.0 +2.56 -0.92 -0.99 -0.99 -0.94 -0.99 -0.99 -0.99 +2.56 -0.99 -0.98 -0.93 -0.99
372.6 +2.92 +0.22 +0.00 +0.00 +0.07 +0.09 +0.06 +0.01 +1.11 +0.00 +0.14 +0.04 +0.00
372.6 +0.00 +0.13 +0.00 +0.00 +0.04 +0.05 +0.03 +0.00 +0.64 +0.00 +0.08 +0.02 +0.00
372.6 +1.59 -0.96 -0.99 -0.99 -0.96 -0.99 -0.99 -0.99 +1.59 -0.99 -0.99 -0.96 -0.99
372.6 +2.56 -0.92 -0.99 -0.99 -0.94 -0.99 -0.99 -0.99 +2.56 -0.99 -0.98 -0.93 -0.99
375.0 +2.92 +0.22 +0.00 +0.00 +0.07 +0.09 +0.06 +0.01 +1.11 +0.00 +0.14 +0.04 +0.00
375.0 +0.00 +0.13 +0.00 +0.00 +0.04 +0.05 +0.03 +0.00 +0.64 +0.00 +0.08 +0.02 +0.00
375.0 +1.59 -0.96 -0.99 -0.99 -0.96 -0.99 -0.99 -0.99 +1.59 -0.99 -0.99 -0.96 -0.99
375.0 +2.56 -0.92 -0.99 -0.99 -0.94 -0.99 -0.99 -0.99 +2.56 -0.99 -0.98 -0.93 -0.99
377.6 +2.92 +0.22 +0.00 +0.00 +0.07 +0.09 +0.06 +0.01 +1.11 +0.00 +0.14 +0.04 +0.00
377.6 +0.00 +0.13 +0.00 +0.00 +0.04 +0.05 +0.03 +0.00 +0.64 +0.00 +0.08 +0.02 +0.00
377.6 +1.59 -0.96 -0.99 -0.99 -0.96 -0.99 -0.99 -0.99 +1.59 -0.99 -0.99 -0.96 -0.99
377.6 +2.56 -0.92 -0.99 -0.99 -0.94 -0.99 -0.99 -0.99 +2.56 -0.99 -0.98 -0.93 -0.99
380.0 +2.92 +0.22 +0.00 +0.00 +0.07 +0.09 +0.06 +0.01 +1.11 +0.00 +0.14 +0.04 +0.00
380.0 +0.00 +0.13 +0.00 +0.00 +0.04 +0.05 +0.03 +0.00 +0.64 +0.00 +0.08 +0.02 +0.00
380.0 +1.59 -0.96 -0.99 -0.99 -0.96 -0.99 -0.99 -0.99 +1.59 -0.99 -0.99 -0.96 -0.99
380.0 +2.56 -0.92 -0.99 -0.99 -0.94 -0.99 -0.99 -0.99 +2.56 -0.99 -0.98 -0.93 -0.99
382.6 +2.92 +0.22 +0.00 +0.00 +0.07 +0.09 +0.06 +0.01 +1.11 +0.00 +0.14 +0.04 +0.00
382.6 +0.00 +0.13 +0.00 +0.00 +0.04 +0.05 +0.03 +0.00 +0.64 +0.00 +0.08 +0.02 +0.00
382.6 +1.59 -0.96 -0.99 -0.99 -0.96 -0.99 -0.99 -0.99 +1.59 -0.99 -0.99 -0.96 -0.99
382.6 +2.56 -0.92 -0.99 -0.99 -0.94 -0.99 -0.99 -0.99 +2.56 -0.99 -0.98 -0.93 -0.99
385.0 +2.92 +0.22 +0.00 +0.00 +0.07 +0.09 +0.06 +0.01 +1.11 +0.00 +0.14 +0.04 +0.00
385.0 +0.00 +0.13 +0.00 +0.00 +0.04 +0.05 +0.03 +0.00 +0.64 +0.00 +0.08 +0.02 +0.00
385.0 +1.59 -0.96 -0.99 -0.99 -0.96 -0.99 -0.99 -0.99 +1.59 -0.99 -0.99 -0.96 -0.99
385.0 +2.56 -0.92 -0.99 -0.99 -0.94 -0.99 -0.99 -0.99 +2.56 -0.99 -0.98 -0.93 -0.99
387.6 +2.92 +0.22 +0.00 +0.00 +0.07 +0.09 +0.06 +0.01 +1.11 +0.00 +0.14 +0.04 +0.00
387.6 +0.00 +0.13 +0.00 +0.00 +0.04 +0.05 +0.03 +0.00 +0.64 +0.00 +0.08 +0.02 +0.00
387.6 +1.59 -0.96 -0.99 -0.99 -0.96 -0.99 -0.99 -0.99 +1.59 -0.99 -0.99 -0.96 -0.99
387.6 +2.56 -0.92 -0.99 -0.99 -0.94 -0.99 -0.99 -0.99 +2.56 -0.99 -0.98 -0.93 -0.99
390.0 +2.92 +0.22 +0.00 +0.00 +0.07 +0.09 +0.06 +0.01 +1.11 +0.00 +0.14 +0.04 +0.00
390.0 +0.00 +0.13 +0.00 +0.00 +0.04 +0.05 +0.03 +0.00 +0.64 +0.00 +0.08 +0.02 +0.00
390.0 +1.59 -0.96 -0.99 -0.99 -0.96 -0.99 -0.99 -0.99 +1.59 -0.99 -0.99 -0.96 -0.99
390.0 +2.56 -0.92 -0.99 -0.99 -0.94 -0.99 -0.99 -0.99 +2.56 -0.99 -0.98 -0.93 -0.99
392.6 +2.92 +0.22 +0.00 +0.00 +0.07 +0.09 +0.06 +0.01 +1.11 +0.00 +0.14 +0.04 +0.00
392.6 +0.00 +0.13 +0.00 +0.00 +0.04 +0.05 +0.03 +0.00 +0.64 +0.00 +0.08 +0.02 +0.00
392.6 +1.59 -0.96 -0.99 -0.99 -0.96 -0.99 -0.99 -0.99 +1.59 -0.99 -0.99 -0.96 -0.99
392.6 +2.56 -0.92 -0.99 -0.99 -0.94 -0.99 -0.99 -0.99 +2.56 -0.99 -0.98 -0.93 -0.99
395.0 +2.92 +0.22 +0.00 +0.00 +0.07 +0.09 +0.06 +0.01 +1.11 +0.00 +0.14 +0.04 +0.00
395.0 +0.00 +0.13 +0.00 +0.00 +0.04 +0.05 +0.03 +0.00 +0.64 +0.00 +0.08 +0.02 +0.00
395.0 +1.59 -0.96 -0.99 -0.99 -0.96 -0.99 -0.99 -0.99 +1.59 -0.99 -0.99 -0.96 -0.99
395.0 +2.56 -0.92 -0.99 -0.99 -0.94 -0.99 -0.99 -0.99 +2.56 -0.99 -0.98 -0.93 -0.99
397.6 +2.92 +0.22 +0.00 +0.00 +0.07 +0.09 +0.06 +0.01 +1.11 +0.00 +0.14 +0.04 +0.00
397.6 +0.00 +0.13 +0.00 +0.00 +0.04 +0.05 +0.03 +0.00 +0.64 +0.00 +0.08 +0.02 +0.00
397.6 +1.59 -0.96 -0.99 -0.99 -0.96 -0.99 -0.99 -0.99 +1.59 -0.99 -0.99 -0.96 -0.99
397.6 +2.56 -0.92 -0.99 -0.99 -0.94 -0.99 -0.99 -0.99 +2.56 -0.99 -0.98 -0.93 -0.99
400.0 +2.92 +0.22 +0.00 +0.00 +0.07 +0.09 +0.06 +0.01 +1.11 +0.00 +0.14 +0.04 +0.00
400.0 +0.00 +0.13 +0.00 +0.00 +0.04 +0.05 +0.03 +0.00 +0.64 +0.00 +0.08 +0.02 +0.00
400.0 +1.59 -0.96 -0.99 -0.99 -0.96 -0.99 -0.99 -0.99 +1.59 -0.99 -0.99 -0.96 -0.99
400.0 +2.56 -0.92 -0.99 -0.99 -0.94 -0.99 -0.99 -0.99 +2.56 -0.99 -0.98 -0.93 -0.99
402.6 +2.92 +0.22 +0.00 +0.00 +0.07 +0.09 +0.06 +0.01 +1.11 +0.00 +0.14 +0.04 +0.00
402.6 +0.00 +0.13 +0.00 +0.00 +0.04 +0.05 +0.03 +0.00 +0.64 +0.00 +0.08 +0.02 +0.00
402.6 +1.59 -0.96 -0.99 -0.99 -0.96 -0.99 -0.99 -0.99 +1.59 -0.99 -0.99 -0.96 -0.99
402.6 +2.56 -0.92 -0.99 -0.99 -0.94 -0.99 -0.99 -0.99 +2.56 -0.99 -0.98 -0.93 -0.99
405.0 +2.92 +0.22 +0.00 +0.00 +0.07 +0.09 +0.06 +0.01 +1.11 +0.00 +0.14 +0.04 +0.00
405.0 +0.00 +0.13 +0.00 +0.00 +0.04 +0.05 +0.03 +0.00 +0.64 +0.00 +0.08 +0.02 +0.00
405.0 +1.59 -0.96 -0.99 -0.99 -0.96 -0.99 -0.99 -0.99 +1.59 -0.99 -0.99 -0.96 -0.99
405.0 +2.56 -0.92 -0.99 -0.99 -0.94 -0.99 -0.99 -0.99 +2.56 -0.99 -0.98 -0.93 -0.99
407.6 +2.92 +0.22 +0.00 +0.00 +0.07 +0.09 +0.06 +0.01 +1.11 +0.00 +0.14 +0.04 +0.00
407.6 +0.00 +0.13 +0.00 +0.00 +0.04 +0.05 +0.03 +0.00 +0.64 +0.00 +0.08 +0.02 +0.00
407.6 +1.59 -0.96 -0.99 -0.99 -0.96 -0.99 -0.99 -0.99 +1.59 -0.99 -0.99 -0.96 -0.99
407.6 +2.56 -0.92 -0.99 -0.99 -0.94 -0.99 -0.99 -0.99 +2.56 -0.99 -0.98 -0.93 -0.99
410.0 +2.92 +0.22 +0.00 +0.00 +0.07 +0.09 +0.06 +0.01 +1.11 +0.00 +0.14 +0.04 +0.00
410.0 +0.00 +0.13 +0.00 +0.00 +0.04 +0.05 +0.03 +0.00 +0.64 +0.00 +0.08 +0.02 +0.00
410.0 +1.59 -0.96 -0.99 -0.99 -0.96 -0.99 -0.99 -0.99 +1.59 -0.99 -0.99 -0.96 -0.99
410.0 +2.56 -0.92 -0.99 -0.99 -0.94 -0.99 -0.99 -0.99 +2.56 -0.99 -0.98 -0.93 -0.99
412.6 +2.92 +0.22 +0.00 +0.00 +0.07 +0.09 +0.06 +0.01 +1.11 +0.00 +0.14 +0.04 +0.00
412.6 +0.00 +0.13 +0.00 +0.00 +0.04 +0.05 +0.03 +0.00 +0.64 +0.00 +0.08 +0.02 +0.00
412.6 +1.59 -0.96 -0.99 -0.99 -0.96 -0.99 -0.99 -0.99 +1.59 -0.99 -0.99 -0.96 -0.99
412.6 +2.56 -0.92 -0.99 -0.99 -0.94 -0.99 -0.99 -0.99 +2.56 -0.99 -0.98 -0.93 -0.99
415.0 +2.92 +0.22 +0.00 +0.00 +0.07 +0.09 +0.06 +0.01 +1.11 +0.00 +0.14 +0.04 +0.00
415.0 +0.00 +0.13 +0.00 +0.00 +0.04 +0.05 +0.03 +0.00 +0.64 +0.00 +0.08 +0.02 +0.00
415.0 +1.59 -0.96 -0.99 -0.99 -0.96 -0.99 -0.99 -0.99 +1.59 -0.99 -0.99 -0.96 -0.99
415.0 +2.56 -0.92 -0.99 -0.99 -0.94 -0.99 -0.99 -0.99 +2.56 -0.99 -0.98 -0.93 -0.99
417.6 +2.92 +0.22 +0.00 +0.00 +0.07 +0.09 +0.06 +0.01 +1.11 +0.00 +0.14 +0.04 +0.00
417.6 +0.00 +0.13 +0.00 +0.00 +0.04 +0.05 +0.03 +0.00 +0.64 +0.00 +0.08 +0.02 +0.00
417.6 +1.59 -0.96 -0.99 -0.99 -0.96 -0.99 -0.99 -0.99 +1.59 -0.99 -0.99 -0.96 -0.99
417.6 +2.56 -0.92 -0.99 -0.99 -0.94 -0.99 -0.99 -0.99 +2.56 -0.99 -0.98 -0.93 -0.99
420.0 +2.92 +0.22 +0.00 +0.00 +0.07 +0.09 +0.06 +0.01 +1.11 +0.00 +0.14 +0.04 +0.00
420.0 +0.00 +0.13 +0.00 +0.00 +0.04 +0.05 +0.03 +0.00 +0.64 +0.00 +0.08 +0.02 +0.00
420.0 +1.59 -0.96 -0.99 -0.99 -0.96 -0.99 -0.99 -0.99 +1.59 -0.99 -0.99 -0.96 -0.99
420.0 +2.56 -0.92 -0.99 -0.99 -0.94 -0.99 -0.99 -0.99 +2.56 -0.99 -0.98 -0.93 -0.99
422.6 +2.92 +0.22 +0.00 +0.00 +0.07 +0.09 +0.06 +0.01 +1.11 +0.00 +0.14 +0.04 +0.00
422.6 +0.00 +0.13 +0.00 +0.00 +0.04 +0.05 +0.03 +0.00 +0.64 +0.00 +0.08 +0.02 +0.00
422.6 +1.59 -0.96 -0.99 -0.99 -0.96 -0.99 -0.99 -0.99 +1.59 -0.99 -0.99 -0.96 -0.99
422.6 +2.56 -0.92 -0.99 -0.99 -0.94 -0.99 -0.99 -0.99 +2.56 -0.99 -0.98 -0.93 -0.99
425.0 +2.92 +0.22 +0.00 +0.00 +0.07 +0.09 +0.06 +0.01 +1.11 +0.00 +0.14 +0.04 +0.00
425.0 +0.00 +0.13 +0.00 +0.00 +0.04 +0.05 +0.03 +0.00 +0.64 +0.00 +0.08 +0.02 +0.00
425.0 +1.59 -0.96 -0.99 -0.99 -0.96 -0.99 -0.99 -0.99 +1.59 -0.99 -0.99 -0.96 -0.99
425.0 +2.56 -0.92 -0.99 -0.99 -0.94 -0.99 -0.99 -0.99 +2.56 -0.99 -0.98 -0.93 -0.99
427.6 +2.92 +0.22 +0.00 +0.00 +0.07 +0.09 +0.06 +0.01 +1.11 +0.00 +0.14 +0.04 +0.00
427.6 +0.00 +0.13 +0.00 +0.00 +0.04 +0.05 +0.03 +0.00 +0.64 +0.00 +0.08 +0.02 +0.00
427.6 +1.59 -0.96 -0.99 -0.99 -0.96 -0.99 -0.99 -0.99 +1.59 -0.99 -0.99 -0.96 -0.99
427.6 +2.56 -0.92 -0.99 -0.99 -0.94 -0.99 -0.99 -0.99 +2.56 -0.99 -0.98 -0.93 -0.99
430.0 +2.92 +0.22 +0.00 +0.00 +0.07 +0.09 +0.06 +0.01 +1.11 +0.00 +0.14 +0.04 +0.00
430.0 +0.00 +0.13 +0.00 +0.00 +0.04 +0.05 +0.03 +0.00 +0.64 +0.00 +0.08 +0.02 +0.00
430.0 +1.59 -0.96 -0.99 -0.99 -0.96 -0.99 -0.99 -0.99 +1.59 -0.99 -0.99 -0.96 -0.99
430.0 +2.56 -0.92 -0.99 -0.99 -0.94 -0.99 -0.99 -0.99 +2.56 -0.99 -0.98 -0.93 -0.99
432.6 +2.92 +0.22 +0.00 +0.00 +0.07 +0.09 +0.06 +0.01 +1.11 +0.00 +0.14 +0.04 +0.00
432.6 +0.00 +0.13 +0.00 +0.00 +0.04 +0.05 +0.03 +0.00 +0.64 +0.00 +0.08 +0.02 +0.00
432.6 +1.59 -0.96 -0.99 -0.99 -0.96 -0.99 -0.99 -0.99 +1.59 -0.99 -0.99 -0.96 -0.99
432.6 +2.56 -0.92 -0.99 -0.99 -0.94 -0.99 -0.99 -0.99 +2.56 -0.99 -0.98 -0.93 -0.99
435.0 +2.92 +0.22 +0.00 +0.00 +0.07 +0.09 +0.06 +0.01 +1.11 +0.00 +0.14 +0.04 +0.00
435.0 +0.00 +0.13 +0.00 +0.00 +0.04 +0.05 +0.03 +0.00 +0.64 +0.00 +0.08 +0.02 +0.00
435.0 +1.59 -0.96 -0.99 -0.99 -0.96 -0.99 -0.99 -0.99 +1.59 -0.99 -0.99 -0.96 -0.99
435.0 +2.56 -0.92 -0.99 -0.99 -0.94 -0.99 -0.99 -0.99 +2.56 -0.99 -0.98 -0.93 -0.99
437.6 +2.92 +0.22 +0.00 +0.00 +0.07 +0.09 +0.06 +0.01 +1.11 +0.00 +0.14 +0.04 +0.00
437.6 +0.00 +0.13 +0.00 +0.00 +0.04 +0.05 +0.03 +0.00 +0.64 +0.00 +0.08 +0.02 +0.00
437.6 +1.59 -0.96 -0.99 -0.99 -0.96 -0.99 -0.99 -0.99 +1.59 -0.99 -0.99 -0.96 -0.99
437.6 +2.56 -0.92 -0.99 -0.99 -0.94 -0.99 -0.99 -0.99 +2.56 -0.99 -0.98 -0.93 -0.99
440.0 +2.92 +0.22 +0.00 +0.00 +0.07 +0.09 +0.06 +0.01 +1.11 +0.00 +0.14 +0.04 +0.00
440.0 +0.00 +0.13 +0.00 +0.00 +0.04 +0.05 +0.03 +0.00 +0.64 +0.00 +0.08 +0.02 +0.00
440.0 +1.59 -0.96 -0.99 -0.99 -0.96 -0.99 -0.99 -0.99 +1.59 -0.99 -0.99 -0.96 -0.99
440.0 +2.56 -0.92 -0.99 -0.99 -0.94 -0.99 -0.99 -0.99 +2.56 -0.99 -0.98 -0.93 -0.99
442.6 +2.92 +0.22 +0.00 +0.00 +0.07 +0.09 +0.06 +0.01 +1.11 +0.00 +0.14 +0.04 +0.00
442.6 +0.00 +0.13 +0.00 +0.00 +0.04 +0.05 +0.03 +0.00 +0.64 +0.00 +0.08 +0.02 +0.00
442.6 +1.59 -0.96 -0.99 -0.99 -0.96 -0.99 -0.99 -0.99 +1.59 -0.99 -0.99 -0.96 -0.99
442.6 +2.56 -0.92 -0.99 -0.99 -0.94 -0.99 -0.99 -0.99 +2.56 -0.99 -0.98 -0.93 -0.99
445.0 +2.92 +0.22 +0.00 +0.00 +0.07 +0.09 +0.06 +0.01 +1.11 +0.00 +0.14 +0.04 +0.00
445.0 +0.00 +0.13 +0.00 +0.00 +0.04 +0.05 +0.03 +0.00 +0.64 +0.00 +0.08 +0.02 +0.00
445.0 +1.59 -0.96 -0.99 -0.99 -0.96 -0.99 -0.99 -0.99 +1.59 -0.99 -0.99 -0.96 -0.99
445.0 +2.56 -0.92 -0.99 -0.99 -0.94 -0.99 -0.99 -0.99 +2.56 -0.99 -0.98 -0.93 -0.99
447.6 +2.92 +0.22 +0.00 +0.00 +0.07 +0.09 +0.06 +0.01 +1.11 +0.00 +0.14 +0.04 +0.00
447.6 +0.00 +0.13 +0.00 +0.00 +0.04 +0.05 +0.03 +0.00 +0.64 +0.00 +0.08 +0.02 +0.00
447.6 +1.59 -0.96 -0.99 -0.99 -0.96 -0.99 -0.99 -0.99 +1.59 -0.99 -0.99 -0.96 -0.99
447.6 +2.56 -0.92 -0.99 -0.99 -0.94 -0.99 -0.99 -0.99 +2.56 -0.99 -0.98 -0.93 -0.99
450.0 +2.92 +0.22 +0.00 +0.00 +0.07 +0.09 +0.06 +0.01 +1.11 +0.00 +0.14 +0.04 +0.00
450.0 +0.00 +0.13 +0.00 +0.00 +0.04 +0.05 +0.03 +0.00 +0.64 +0.00 +0.08 +0.02 +0.00
450.0 +1.59 -0.96 -0.99 -0.99 -0.96 -0.99 -0.99 -0.99 +1.59 -0.99 -0.99 -0.96 -0.99
450.0 +2.56 -0.92 -0.99 -0.99 -0.94 -0.99 -0.99 -0.99 +2.56 -0.99 -0.98 -0.93 -0.99
452.6 +2.92 +0.22 +0.00 +0.00 +0.07 +0.09 +0.06 +0.01 +1.11 +0.00 +0.14 +0.04 +0.00
452.6 +0.00 +0.13 +0.00 +0.00 +0.04 +0.05 +0.03 +0.00 +0.64 +0.00 +0.08 +0.02 +0.00
452.6 +1.59 -0.96 -0.99 -0.99 -0.96 -0.99 -0.99 -0.99 +1.59 -0.99 -0.99 -0.96 -0.99
452.6 +2.56 -0.92 -0.99 -0.99 -0.94 -0.99 -0.99 -0.99 +2.56 -0.99 -0.98 -0.93 -0.99
455.0 +2.92 +0.22 +0.00 +0.00 +0.07 +0.09 +0.06 +0.01 +1.11 +0.00 +0.14 +0.04 +0.00
455.0 +0.00 +0.13 +0.00 +0.00 +0.04 +0.05 +0.03 +0.00 +0.64 +0.00 +0.08 +0.02 +0.00
455.0 +1.59 -0.96 -0.99 -0.99 -0.96 -0.99 -0.99 -0.99 +1.59 -0.99 -0.99 -0.96 -0.99
455.0 +2.56 -0.92 -0.99 -0.99 -0.94 -0.99 -0.99 -0.99 +2.56 -0.99 -0.98 -0.93 -0.99
457.6 +2.92 +0.22 +0.00 +0.00 +0.07 +0.09 +0.06 +0.01 +1.11 +0.00 +0.14 +0.04 +0.00
457.6 +0.00 +0.13 +0.00 +0.00 +0.04 +0.05 +0.03 +0.00 +0.64 +0.00 +0.08 +0.02 +0.00
457.6 +1.59 -0.96 -0.99 -0.99 -0.96 -0.99 -0.99 -0.99 +1.59 -0.99 -0.99 -0.96 -0.99
457.6 +2.56 -0.92 -0.99 -0.99 -0.94 -0.99 -0.99 -0.99 +2.56 -0.99 -0.98 -0.93 -0.99
460.0 +2.92 +0.22 +0.00 +0.00 +0.07 +0.09 +0.06 +0.01 +1.11 +0.00 +0.14 +0.04 +0.00
460.0 +0.00 +0.13 +0.00 +0.00 +0.04 +0.05 +0.03 +0.00 +0.64 +0.00 +0.08 +0.02 +0.00
460.0 +1.59 -0.96 -0.99 -0.99 -0.96 -0.99 -0.99 -0.99 +1.59 -0.99 -0.99 -0.96 -0.99
460.0 +2.56 -0.92 -0.99 -0.99 -0.94 -0.99 -0.99 -0.99 +2.56 -0.99 -0.98 -0.93 -0.99
462.6 +2.92 +0.22 +0.00 +0.00 +0.07 +0.09 +0.06 +0.01 +1.11 +0.00 +0.14 +0.04 +0.00
462.6 +0.00 +0.13 +0.00 +0.00 +0.04 +0.05 +0.03 +0.00 +0.64 +0.00 +0.08 +0.02 +0.00
462.6 +1.59 -0.96 -0.99 -0.99 -0.96 -0.99 -0.99 -0.99 +1.59 -0.99 -0.99 -0.96 -0.99
462.6 +2.56 -0.92 -0.99 -0.99 -0.94 -0.99 -0.99 -0.99 +2.56 -0.99 -0.98 -0.93 -0.99
465.0 +2.92 +0.22 +0.00 +0.00 +0.07 +0.09 +0.06 +0.01 +1.11 +0.00 +0.14 +0.04 +0.00
465.0 +0.00 +0.13 +0.00 +0.00 +0.04 +0.05 +0.03 +0.00 +0.64 +0.00 +0.08 +0.02 +0.00
465.0 +1.59 -0.96 -0.99 -0.99 -0.96 -0.99 -0.99 -0.99 +1.59 -0.99 -0.99 -0.96 -0.99
465.0 +2.56 -0.92 -0.99 -0.99 -0.94 -0.99 -0.99 -0.99 +2.56 -0.99 -0.98 -0.93 -0.99
467.6 +2.92 +0.22 +0.00 +0.00 +0.07 +0.09 +0.06 +0.01 +1.14 +0.00 +0.14 +0.04 +0.00
467.6 +0.00 +0.12 +0.00 +0.00 +0.04 +0.05 +0.03 +0.00 +0.65 +0.00 +0.08 +0.02 +0.00
467.6 +1.60 -0.96 -0.99 -0.99 -0.96 -0.99 -0.99 -0.99 +1.60 -0.99 -0.99 -0.96 -0.99
467.6 +2.60 -0.92 -0.99 -0.99 -0.94 -0.99 -0.99 -0.99 +2.60 -0.99 -0.98 -0.93 -0.99
470.0 +2.91 +0.22 +0.00 +0.00 +0.07 +0.09 +0.06 +0.01 +1.14 +0.00 +0.13 +0.04 +0.00
470.0 +0.00 +0.12 +0.00 +0.00 +0.04 +0.05 +0.03 +0.00 +0.65 +0.00 +0.08 +0.02 +0.00
470.0 +1.62 -0.96 -0.99 -0.99 -0.96 -0.99 -0.99 -0.99 +1.62 -0.99 -0.99 -0.96 -0.99
470.0 +2.65 -0.92 -0.99 -0.99 -0.94 -0.99 -0.99 -0.99 +2.65 -0.99 -0.98 -0.93 -0.99
472.6 +2.91 +0.22 +0.00 +0.00 +0.07 +0.09 +0.06 +0.01 +1.14 +0.00 +0.14 +0.04 +0.00
472.6 +0.00 +0.12 +0.00 +0.00 +0.04 +0.05 +0.03 +0.00 +0.65 +0.00 +0.08 +0.02 +0.00
472.6 +1.63 -0.96 -0.99 -0.99 -0.96 -0.99 -0.99 -0.99 +1.63 -0.99 -0.99 -0.96 -0.99
472.6 +2.68 -0.93 -0.99 -0.99 -0.94 -0.99 -0.99 -0.99 +2.68 -0.99 -0.98 -0.93 -0.99
475.0 +2.91 +0.22 +0.00 +0.00 +0.07 +0.09 +0.06 +0.01 +1.14 +0.00 +0.14 +0.04 +0.00
475.0 +0.00 +0.12 +0.00 +0.00 +0.04 +0.05 +0.03 +0.00 +0.65 +0.00 +0.08 +0.02 +0.00
475.0 +1.64 -0.96 -0.99 -0.99 -0.96 -0.99 -0.99 -0.99 +1.64 -0.99 -0.99 -0.96 -0.99
475.0 +2.69 -0.93 -0.99 -0.99 -0.94 -0.99 -0.99 -0.99 +2.69 -0.99 -0.98 -0.93 -0.99
477.6 +2.91 +0.22 +0.00 +0.00 +0.07 +0.09 +0.06 +0.01 +1.14 +0.00 +0.14 +0.04 +0.00
477.6 +0.00 +0.12 +0.00 +0.00 +0.04 +0.05 +0.03 +0.00 +0.65 +0.00 +0.08 +0.02 +0.00
477.6 +1.64 -0.96 -0.99 -0.99 -0.96 -0.99 -0.99 -0.99 +1.64 -0.99 -0.99 -0.96 -0.99
477.6 +2.70 -0.93 -0.99 -0.99 -0.94 -0.99 -0.99 -0.99 +2.70 -0.99 -0.98 -0.93 -0.99
480.0 +2.91 +0.22 +0.00 +0.00 +0.07 +0.09 +0.06 +0.01 +1.13 +0.00 +0.14 +0.04 +0.00
480.0 +0.00 +0.12 +0.00 +0.00 +0.04 +0.05 +0.03 +0.00 +0.65 +0.00 +0.08 +0.02 +0.00
480.0 +1.64 -0.96 -0.99 -0.99 -0.96 -0.99 -0.99 -0.99 +1.64 -0.99 -0.99 -0.96 -0.99
480.0 +2.71 -0.93 -0.99 -0.99 -0.94 -0.99 -0.99 -0.99 +2.71 -0.99 -0.98 -0.93 -0.99
482.6 +2.91 +0.22 +0.00 +0.00 +0.07 +0.09 +0.06 +0.01 +1.13 +0.00 +0.14 +0.04 +0.00
482.6 +0.00 +0.12 +0.00 +0.00 +0.04 +0.05 +0.03 +0.00 +0.65 +0.00 +0.08 +0.02 +0.00
482.6 +1.64 -0.96 -0.99 -0.99 -0.96 -0.99 -0.99 -0.99 +1.64 -0.99 -0.99 -0.96 -0.99
482.6 +2.71 -0.93 -0.99 -0.99 -0.94 -0.99 -0.99 -0.99 +2.71 -0.99 -0.98 -0.93 -0.99
485.0 +2.91 +0.22 +0.00 +0.00 +0.07 +0.09 +0.06 +0.01 +1.13 +0.00 +0.14 +0.04 +0.00
485.0 +0.00 +0.12 +0.00 +0.00 +0.04 +0.05 +0.03 +0.00 +0.65 +0.00 +0.08 +0.02 +0.00
485.0 +1.65 -0.96 -0.99 -0.99 -0.96 -0.99 -0.99 -0.99 +1.65 -0.99 -0.99 -0.96 -0.99
485.0 +2.71 -0.93 -0.99 -0.99 -0.94 -0.99 -0.99 -0.99 +2.71 -0.99 -0.98 -0.93 -0.99
487.6 +2.91 +0.22 +0.00 +0.00 +0.07 +0.09 +0.06 +0.01 +1.13 +0.00 +0.14 +0.04 +0.00
487.6 +0.00 +0.12 +0.00 +0.00 +0.04 +0.05 +0.03 +0.00 +0.65 +0.00 +0.08 +0.02 +0.00
487.6 +1.65 -0.96 -0.99 -0.99 -0.96 -0.99 -0.99 -0.99 +1.65 -0.99 -0.99 -0.96 -0.99
487.6 +2.72 -0.93 -0.99 -0.99 -0.94 -0.99 -0.99 -0.99 +2.72 -0.99 -0.98 -0.93 -0.99
490.0 +2.91 +0.22 +0.00 +0.00 +0.07 +0.09 +0.06 +0.01 +1.13 +0.00 +0.14 +0.04 +0.00
490.0 +0.00 +0.12 +0.00 +0.00 +0.04 +0.05 +0.03 +0.00 +0.65 +0.00 +0.08 +0.02 +0.00
490.0 +1.65 -0.96 -0.99 -0.99 -0.96 -0.99 -0.99 -0.99 +1.65 -0.99 -0.99 -0.96 -0.99
490.0 +2.72 -0.93 -0.99 -0.99 -0.94 -0.99 -0.99 -0.99 +2.72 -0.99 -0.98 -0.93 -0.99
492.6 +2.91 +0.22 +0.00 +0.00 +0.07 +0.09 +0.06 +0.01 +1.13 +0.00 +0.14 +0.04 +0.00
492.6 +0.00 +0.12 +0.00 +0.00 +0.04 +0.05 +0.03 +0.00 +0.65 +0.00 +0.08 +0.02 +0.00
492.6 +1.65 -0.96 -0.99 -0.99 -0.96 -0.99 -0.99 -0.99 +1.65 -0.99 -0.99 -0.96 -0.99
492.6 +2.72 -0.93 -0.99 -0.99 -0.94 -0.99 -0.99 -0.99 +2.72 -0.99 -0.98 -0.93 -0.99
495.0 +2.91 +0.22 +0.00 +0.00 +0.07 +0.09 +0.06 +0.01 +1.13 +0.00 +0.14 +0.04 +0.00
495.0 +0.00 +0.12 +0.00 +0.00 +0.04 +0.05 +0.03 +0.00 +0.65 +0.00 +0.08 +0.02 +0.00
495.0 +1.65 -0.96 -0.99 -0.99 -0.96 -0.99 -0.99 -0.99 +1.65 -0.99 -0.99 -0.96 -0.99
495.0 +2.72 -0.93 -0.99 -0.99 -0.94 -0.99 -0.99 -0.99 +2.72 -0.99 -0.98 -0.93 -0.99
497.6 +2.91 +0.22 +0.00 +0.00 +0.07 +0.09 +0.06 +0.01 +1.13 +0.00 +0.14 +0.04 +0.00
497.6 +0.00 +0.12 +0.00 +0.00 +0.04 +0.05 +0.03 +0.00 +0.65 +0.00 +0.08 +0.02 +0.00
497.6 +1.65 -0.96 -0.99 -0.99 -0.96 -0.99 -0.99 -0.99 +1.65 -0.99 -0.99 -0.96 -0.99
497.6 +2.72 -0.93 -0.99 -0.99 -0.94 -0.99 -0.99 -0.99 +2.72 -0.99 -0.98 -0.93 -0.99
500.0 +2.91 +0.22 +0.00 +0.00 +0.07 +0.09 +0.06 +0.01 +1.13 +0.00 +0.14 +0.04 +0.00
500.0 +0.00 +0.12 +0.00 +0.00 +0.04 +0.05 +0.03 +0.00 +0.65 +0.00 +0.08 +0.02 +0.00
500.0 +1.65 -0.96 -0.99 -0.99 -0.96 -0.99 -0.99 -0.99 +1.65 -0.99 -0.99 -0.96 -0.99
500.0 +2.72 -0.93 -0.99 -0.99 -0.94 -0.99 -0.99 -0.99 +2.72 -0.99 -0.98 -0.93 -0.99
