051 28 020.0 249 173.75 085 080 084 052 00 081 11 2.66 09 +0.09 -0.08 06 0 13 0.22 0.24 08 00 -0.22 -0.25 07 08 0.06 0.07 06 -0.43 -0.44
051 28 040.0 273 178.72 084 072 117 080 00 058 11 2.66 10 +0.31 +0.11 06 0 13 0.26 0.30 10 00 +0.13 +0.02 02 09 0.12 0.14 06 -0.28 -0.39
051 28 060.0 337 218.03 093 091 153 116 00 055 11 2.69 11 +0.80 +0.73 06 0 19 0.52 0.42 11 00 +0.79 +0.72 02 22 0.38 0.31 09 -0.03 -0.13
051 28 080.0 306 203.04 095 086 125 108 00 034 11 2.78 11 +1.25 +1.61 06 0 21 0.73 0.60 11 00 +1.25 +1.61 02 09 0.07 0.06 06 -0.69 -0.56
051 28 099.9 259 193.38 097 082 080 072 04 005 11 2.93 11 +1.43 +2.08 06 1 21 0.94 0.62 11 04 +1.43 +2.08 03 08 0.13 0.09 04 -0.66 -0.63
051 28 120.0 254 194.11 101 085 068 059 08 003 11 2.98 11 +1.51 +2.34 06 1 21 1.09 0.65 11 08 +1.51 +2.34 03 08 0.14 0.08 03 -0.77 -0.74
051 28 140.0 251 190.50 101 086 064 055 09 000 11 2.98 11 +1.57 +2.49 06 1 21 1.10 0.65 11 09 +1.57 +2.49 03 08 0.14 0.08 03 -0.77 -0.74
051 28 160.0 251 190.34 101 086 064 055 09 000 11 2.98 11 +1.57 +2.49 06 1 21 1.10 0.65 11 09 +1.57 +2.49 03 08 0.14 0.08 03 -0.77 -0.74
051 28 180.0 251 190.82 101 086 064 054 10 000 11 2.97 11 +1.60 +2.59 06 1 21 1.13 0.65 11 10 +1.60 +2.59 03 08 0.14 0.08 03 -0.77 -0.74
051 28 200.0 251 190.79 101 086 064 054 10 000 11 2.97 11 +1.60 +2.59 06 1 21 1.13 0.65 11 10 +1.60 +2.59 03 08 0.14 0.08 03 -0.77 -0.74
052 28 020.0 263 185.21 093 085 085 060 00 077 13 2.57 12 +0.19 +0.02 11 0 11 0.31 0.30 06 00 -0.39 -0.48 06 13 0.21 0.20 07 -0.46 -0.46
052 28 040.0 299 205.32 094 081 124 087 00 058 13 2.59 12 +0.66 +0.59 11 0 14 0.50 0.43 08 00 +0.08 +0.05 03 14 0.31 0.26 08 -0.13 -0.16
052 28 060.0 329 223.93 096 092 141 118 00 046 13 2.63 13 +0.89 +0.87 11 0 15 0.63 0.44 09 00 +0.32 +0.31 03 20 0.39 0.28 10 +0.05 +0.03
052 28 080.0 322 221.33 097 095 130 117 02 016 13 2.67 13 +0.92 +1.05 11 0 15 0.80 0.50 09 02 +0.52 +0.70 03 22 0.39 0.24 12 -0.15 -0.12
052 28 099.9 297 213.68 098 097 102 095 04 004 13 2.76 13 +1.11 +1.43 11 1 15 0.96 0.54 09 04 +0.64 +1.02 03 22 0.33 0.18 09 -0.58 -0.47
052 28 120.0 292 215.43 100 097 095 088 06 000 13 2.82 13 +1.22 +1.64 11 1 15 1.04 0.54 09 06 +0.67 +1.11 06 13 0.26 0.13 05 -0.55 -0.52
052 28 140.0 289 213.34 100 098 091 083 06 003 13 2.83 13 +1.12 +1.51 11 1 15 1.05 0.55 09 06 +0.67 +1.13 03 22 0.36 0.19 05 -0.68 -0.66
052 28 160.0 288 212.94 100 098 090 083 06 000 13 2.83 13 +1.14 +1.52 11 1 15 1.05 0.55 09 06 +0.67 +1.13 03 22 0.41 0.21 05 -0.62 -0.61
052 28 180.0 281 211.47 100 098 083 075 07 000 13 2.83 13 +1.21 +1.69 11 1 15 1.07 0.54 09 07 +0.73 +1.27 03 22 0.44 0.22 05 -0.58 -0.55
052 28 200.0 281 210.00 100 098 083 075 07 000 13 2.83 13 +1.19 +1.66 11 1 15 1.07 0.56 09 07 +0.73 +1.27 03 22 0.38 0.20 04 -0.75 -0.73
053 28 020.0 240 168.21 085 076 079 052 00 075 11 2.61 09 +0.21 +0.05 01 0 13 0.22 0.25 06 00 -0.25 -0.32 05 10 0.14 0.16 06 -0.38 -0.43
053 28 040.0 295 193.60 085 080 130 086 00 077 11 2.63 10 +0.77 +0.79 01 0 20 0.42 0.47 09 00 +0.53 +0.59 06 12 0.16 0.18 09 -0.36 -0.23
053 28 060.0 297 196.80 089 080 128 104 01 047 11 2.74 11 +1.19 +1.52 01 1 23 0.73 0.64 11 01 +1.17 +1.50 06 12 0.15 0.13 08 -0.65 -0.48
053 28 080.0 256 188.97 093 084 079 072 03 005 11 2.83 11 +1.29 +1.74 01 1 23 0.88 0.59 11 03 +1.29 +1.74 11 11 0.23 0.16 03 -0.81 -0.80
053 28 099.9 249 190.11 096 084 069 063 05 000 11 2.89 11 +1.35 +1.91 01 1 23 0.95 0.59 11 05 +1.35 +1.91 11 11 0.27 0.17 02 -0.83 -0.84
053 28 120.0 250 191.99 098 085 067 060 06 000 11 2.91 11 +1.38 +2.00 01 1 23 0.99 0.60 11 06 +1.38 +2.00 11 11 0.27 0.16 02 -0.83 -0.84
053 28 140.0 250 191.94 098 085 067 060 06 000 11 2.91 11 +1.39 +2.00 01 1 23 0.99 0.59 11 06 +1.39 +2.00 11 11 0.27 0.16 02 -0.83 -0.84
053 28 160.0 250 191.94 098 085 067 060 06 000 11 2.91 11 +1.39 +2.00 01 1 23 0.99 0.59 11 06 +1.39 +2.00 11 11 0.27 0.16 02 -0.83 -0.84
053 28 180.0 248 191.59 098 085 065 058 07 000 11 2.93 11 +1.43 +2.12 01 1 23 1.01 0.60 11 07 +1.43 +2.12 11 11 0.27 0.16 02 -0.83 -0.84
053 28 200.0 250 193.49 100 085 065 056 09 000 11 2.93 11 +1.49 +2.28 01 1 23 1.08 0.61 11 09 +1.49 +2.28 11 11 0.27 0.15 02 -0.83 -0.84
054 28 020.0 221 164.29 085 059 077 048 00 070 11 3.04 10 +0.26 +0.07 05 0 11 0.19 0.28 06 00 -0.26 -0.36 01 12 0.22 0.33 09 +0.02 -0.12
054 28 040.0 276 195.53 085 068 123 087 00 065 11 3.06 11 +0.88 +0.92 01 0 20 0.49 0.54 11 00 +0.80 +0.85 05 11 0.17 0.19 09 -0.11 -0.11
054 28 060.0 279 197.84 091 069 119 095 00 040 11 3.09 11 +1.23 +1.57 01 0 23 0.69 0.70 11 00 +1.23 +1.57 11 09 0.12 0.13 06 -0.66 -0.54
054 28 080.0 259 194.46 097 070 092 083 04 005 11 3.18 11 +1.34 +1.91 01 1 23 0.89 0.72 11 04 +1.34 +1.91 11 09 0.15 0.12 04 -0.87 -0.80
054 28 099.9 256 195.38 096 071 089 079 06 008 11 3.20 11 +1.37 +2.02 01 1 23 0.94 0.70 11 06 +1.37 +2.02 11 10 0.20 0.15 03 -0.92 -0.88
054 28 120.0 248 192.67 099 071 078 070 08 000 11 3.22 11 +1.47 +2.25 01 1 23 0.99 0.71 11 08 +1.47 +2.25 11 10 0.20 0.15 02 -0.97 -0.95
054 28 140.0 244 191.79 099 071 074 065 09 000 11 3.22 11 +1.50 +2.35 01 1 23 1.03 0.72 11 09 +1.50 +2.35 11 10 0.21 0.14 02 -0.97 -0.95
054 28 160.0 244 191.83 099 071 074 065 09 000 11 3.22 11 +1.50 +2.35 01 1 23 1.02 0.72 11 09 +1.50 +2.35 11 10 0.21 0.14 02 -0.97 -0.95
054 28 180.0 244 191.82 099 071 074 065 09 000 11 3.22 11 +1.50 +2.35 01 1 23 1.02 0.72 11 09 +1.50 +2.35 11 10 0.21 0.14 02 -0.97 -0.95
054 28 200.0 244 191.81 099 071 074 065 09 000 11 3.22 11 +1.50 +2.35 01 1 23 1.02 0.72 11 09 +1.50 +2.35 11 10 0.21 0.14 02 -0.97 -0.95
055 28 020.0 222 165.26 081 063 078 051 00 068 11 2.62 10 +0.29 +0.10 06 0 15 0.35 0.42 09 00 +0.08 -0.04 05 11 0.18 0.22 06 -0.34 -0.41
055 28 040.0 270 189.79 085 062 123 082 00 040 11 2.65 11 +0.94 +1.04 06 0 19 0.61 0.68 11 00 +0.94 +1.04 11 09 0.13 0.15 07 -0.58 -0.46
055 28 060.0 269 190.76 092 069 108 094 02 022 11 2.78 11 +1.30 +1.75 06 1 21 0.85 0.74 11 02 +1.30 +1.75 05 07 0.06 0.05 05 -0.82 -0.72
055 28 080.0 241 184.24 094 071 076 068 04 004 11 2.85 11 +1.37 +1.96 06 1 21 0.97 0.70 11 04 +1.37 +1.96 03 05 0.06 0.05 03 -0.88 -0.82
055 28 099.9 239 184.24 099 071 069 060 08 000 11 2.93 11 +1.50 +2.30 06 1 21 1.08 0.72 11 08 +1.50 +2.30 03 05 0.07 0.05 03 -0.92 -0.87
055 28 120.0 238 185.12 103 072 063 053 09 000 11 2.93 11 +1.56 +2.47 06 1 21 1.10 0.72 11 09 +1.56 +2.47 03 05 0.07 0.05 03 -0.95 -0.91
055 28 140.0 238 184.93 103 072 063 053 09 000 11 2.93 11 +1.56 +2.47 06 1 21 1.10 0.72 11 09 +1.56 +2.47 03 05 0.07 0.05 03 -0.95 -0.91
055 28 160.0 237 184.49 103 072 062 052 10 000 11 2.92 11 +1.59 +2.57 06 1 21 1.13 0.73 11 10 +1.59 +2.57 03 05 0.07 0.05 03 -0.95 -0.91
055 28 180.0 237 184.48 103 072 062 052 10 000 11 2.92 11 +1.59 +2.57 06 1 21 1.13 0.73 11 10 +1.59 +2.57 03 05 0.07 0.05 03 -0.95 -0.91
055 28 200.0 237 184.48 103 072 062 052 10 000 11 2.92 11 +1.59 +2.57 06 1 21 1.13 0.73 11 10 +1.59 +2.57 03 05 0.07 0.05 03 -0.95 -0.91
056 28 020.0 247 191.04 087 068 092 062 00 087 13 2.82 12 +0.24 +0.06 11 0 12 0.35 0.39 08 00 -0.23 -0.33 05 12 0.23 0.26 08 -0.26 -0.32
056 28 040.0 286 212.16 087 069 130 092 00 058 13 2.84 12 +0.55 +0.40 11 0 15 0.53 0.52 10 00 +0.24 +0.13 05 12 0.24 0.24 10 -0.04 -0.13
056 28 060.0 289 214.37 081 068 140 112 00 034 13 2.87 13 +1.07 +1.22 11 0 15 0.73 0.63 11 00 +0.81 +1.00 05 11 0.21 0.18 10 -0.12 -0.16
056 28 080.0 268 204.19 087 063 118 103 03 023 13 2.93 13 +1.24 +1.60 11 1 15 0.88 0.69 12 03 +0.99 +1.39 05 11 0.21 0.17 09 -0.24 -0.21
056 28 099.9 243 195.89 091 064 088 079 07 003 13 2.99 13 +1.36 +1.99 11 1 15 1.19 0.75 13 07 +1.26 +1.91 05 11 0.19 0.12 07 -0.58 -0.52
056 28 120.0 249 201.92 095 067 087 073 09 012 13 2.99 13 +1.39 +2.11 11 1 17 1.31 0.77 13 09 +1.37 +2.08 05 11 0.18 0.10 05 -0.71 -0.70
056 28 140.0 239 197.26 095 067 077 065 10 002 13 2.99 13 +1.54 +2.42 11 1 17 1.41 0.81 13 10 +1.54 +2.42 05 10 0.12 0.07 05 -0.88 -0.81
056 28 160.0 263 208.23 102 074 087 066 10 016 13 2.99 13 +1.56 +2.47 11 1 17 1.41 0.76 13 10 +1.56 +2.47 05 10 0.13 0.07 05 -0.91 -0.85
056 28 180.0 249 199.42 102 073 074 061 12 000 13 3.01 13 +1.60 +2.58 11 1 17 1.52 0.77 13 12 +1.60 +2.58 05 10 0.13 0.07 03 -0.96 -0.93
056 28 200.0 245 199.45 102 073 070 056 13 000 13 3.03 13 +1.64 +2.69 11 1 17 1.55 0.77 13 13 +1.64 +2.69 05 10 0.13 0.06 03 -0.96 -0.93
057 28 020.0 245 184.73 099 064 082 056 00 069 15 2.64 14 +0.31 +0.14 06 0 15 0.38 0.46 12 00 +0.11 -0.01 11 10 0.22 0.26 06 -0.55 -0.59
057 28 040.0 319 233.87 105 077 137 098 00 085 15 2.66 15 +0.96 +1.05 06 0 21 0.71 0.59 14 00 +0.86 +0.98 03 14 0.22 0.19 08 -0.54 -0.50
057 28 060.0 304 224.58 103 075 126 102 03 033 15 2.73 15 +1.21 +1.59 06 1 21 0.94 0.72 14 03 +1.12 +1.51 03 08 0.11 0.09 07 -0.77 -0.68
057 28 080.0 306 233.40 109 083 114 086 07 029 15 2.78 15 +1.26 +1.78 06 1 21 1.08 0.69 14 07 +1.19 +1.71 09 03 0.05 0.03 02 -0.88 -0.87
057 28 099.9 292 231.01 110 086 096 078 11 009 15 2.82 15 +1.40 +2.07 06 1 21 1.24 0.70 15 11 +1.40 +2.07 03 08 0.13 0.07 05 -0.90 -0.85
057 28 120.0 290 225.75 111 086 093 080 11 001 15 2.83 15 +1.44 +2.15 06 1 21 1.25 0.70 15 11 +1.44 +2.15 03 08 0.13 0.07 05 -0.93 -0.88
057 28 140.0 285 224.15 111 086 088 076 11 000 15 2.83 15 +1.45 +2.15 06 1 21 1.25 0.70 15 11 +1.45 +2.15 03 08 0.13 0.07 04 -0.95 -0.91
057 28 160.0 282 224.55 112 086 084 071 12 000 15 2.85 15 +1.46 +2.18 06 1 21 1.30 0.70 15 12 +1.46 +2.18 03 08 0.13 0.07 04 -0.95 -0.91
057 28 180.0 282 224.48 112 086 084 071 12 000 15 2.85 15 +1.46 +2.18 06 1 21 1.30 0.70 15 12 +1.46 +2.18 03 08 0.13 0.07 04 -0.95 -0.91
057 28 200.0 282 224.47 112 086 084 071 12 000 15 2.85 15 +1.46 +2.18 06 1 21 1.30 0.70 15 12 +1.46 +2.18 03 08 0.13 0.07 04 -0.95 -0.91
058 28 020.0 231 169.07 083 063 085 051 00 059 11 2.67 10 +0.24 +0.06 10 0 16 0.22 0.41 06 00 -0.23 -0.36 07 07 0.09 0.18 06 -0.42 -0.45
058 28 040.0 280 189.30 083 066 131 091 00 054 11 2.68 10 +0.65 +0.70 10 0 20 0.39 0.59 09 00 +0.53 +0.60 06 12 0.14 0.21 08 -0.43 -0.33
058 28 060.0 267 186.16 084 068 115 093 01 029 11 2.74 10 +0.88 +1.04 10 1 25 0.60 0.73 10 01 +0.88 +1.04 06 12 0.13 0.15 07 -0.64 -0.50
058 28 080.0 246 186.22 089 072 085 078 03 006 11 2.87 11 +1.13 +1.37 10 1 26 0.77 0.73 11 03 +1.13 +1.37 06 12 0.16 0.15 04 -0.86 -0.79
058 28 099.9 244 191.18 096 076 072 065 05 004 11 2.90 11 +1.32 +1.85 10 1 26 0.91 0.71 11 05 +1.32 +1.85 06 13 0.21 0.17 03 -0.92 -0.87
058 28 120.0 244 193.04 097 078 069 062 06 002 11 2.93 11 +1.34 +1.89 10 1 26 0.94 0.71 11 06 +1.34 +1.89 06 13 0.22 0.17 04 -0.90 -0.84
058 28 140.0 243 193.91 097 078 068 061 06 000 11 2.94 11 +1.37 +1.95 10 1 26 0.95 0.71 11 06 +1.37 +1.95 06 13 0.22 0.17 03 -0.92 -0.87
058 28 160.0 242 193.21 097 079 066 057 08 000 11 2.95 11 +1.47 +2.20 10 1 26 0.98 0.71 11 08 +1.47 +2.20 06 13 0.22 0.16 03 -0.92 -0.87
058 28 180.0 247 200.96 097 083 067 053 09 004 11 2.95 11 +1.52 +2.34 10 1 26 1.01 0.69 11 09 +1.52 +2.34 06 13 0.22 0.15 03 -0.95 -0.91
058 28 200.0 250 205.59 097 086 067 053 10 005 11 2.94 11 +1.55 +2.42 10 1 26 1.04 0.67 11 10 +1.55 +2.42 07 12 0.17 0.11 01 -0.87 -0.89
059 28 020.0 219 156.71 091 059 069 041 00 041 09 3.18 08 +0.34 +0.17 10 0 16 0.26 0.39 07 00 +0.16 +0.03 09 09 0.15 0.24 06 -0.23 -0.30
059 28 040.0 258 172.67 092 064 102 069 00 063 09 3.19 09 +1.04 +1.24 10 0 22 0.47 0.64 09 00 +1.04 +1.24 11 10 0.17 0.23 05 -0.59 -0.51
059 28 060.0 275 186.13 094 065 116 087 02 042 09 3.28 09 +1.24 +1.66 10 1 26 0.69 0.76 09 02 +1.24 +1.66 11 10 0.16 0.17 04 -0.78 -0.67
059 28 080.0 244 177.19 095 066 083 071 05 009 09 3.32 09 +1.28 +1.86 10 1 26 0.81 0.76 09 05 +1.28 +1.86 11 10 0.17 0.16 01 -0.97 -0.95
059 28 099.9 241 176.13 095 067 079 068 05 009 09 3.32 09 +1.29 +1.88 10 1 26 0.81 0.75 09 05 +1.29 +1.88 11 10 0.18 0.16 01 -0.99 -0.97
059 28 120.0 231 174.10 095 067 069 063 06 000 09 3.33 09 +1.35 +2.05 10 1 26 0.85 0.75 09 06 +1.35 +2.05 11 10 0.20 0.17 01 -0.99 -0.97
059 28 140.0 231 174.44 096 067 068 061 07 000 09 3.34 09 +1.45 +2.27 10 1 26 0.88 0.75 09 07 +1.45 +2.27 11 10 0.20 0.17 01 -0.99 -0.97
059 28 160.0 231 174.14 096 067 068 061 07 000 09 3.34 09 +1.46 +2.28 10 1 26 0.88 0.75 09 07 +1.46 +2.28 11 10 0.20 0.17 01 -0.99 -0.97
059 28 180.0 231 173.76 096 067 068 061 07 000 09 3.34 09 +1.48 +2.31 10 1 26 0.88 0.75 09 07 +1.48 +2.31 11 10 0.20 0.17 01 -0.99 -0.97
059 28 200.0 231 173.66 096 067 068 061 07 000 09 3.34 09 +1.48 +2.32 10 1 26 0.88 0.75 09 07 +1.48 +2.32 11 10 0.20 0.17 01 -0.99 -0.97
060 28 020.0 248 191.62 093 071 084 056 00 070 15 2.69 14 +0.27 +0.09 11 0 12 0.38 0.44 08 00 -0.23 -0.34 01 14 0.22 0.25 09 -0.26 -0.36
060 28 040.0 289 222.85 093 074 122 090 00 057 15 2.73 15 +1.02 +1.18 11 0 15 0.72 0.63 11 00 +0.61 +0.83 01 14 0.19 0.16 11 -0.38 -0.30
060 28 060.0 292 221.90 092 072 128 105 02 036 15 2.77 15 +1.20 +1.56 11 1 15 0.91 0.69 11 02 +0.73 +1.13 01 14 0.21 0.16 09 -0.49 -0.40
060 28 080.0 265 217.69 096 075 094 080 08 009 15 2.84 15 +1.29 +1.84 11 1 17 1.19 0.72 12 08 +0.90 +1.48 01 14 0.24 0.14 06 -0.69 -0.66
060 28 099.9 260 214.46 097 075 088 079 09 000 15 2.87 15 +1.37 +2.07 11 1 17 1.28 0.75 14 09 +1.28 +1.99 06 12 0.16 0.09 04 -0.83 -0.79
060 28 120.0 259 213.80 097 075 087 078 09 000 15 2.87 15 +1.42 +2.14 11 1 17 1.29 0.75 14 09 +1.31 +2.05 06 12 0.16 0.09 04 -0.84 -0.80
060 28 140.0 253 213.24 097 075 081 070 11 000 15 2.90 15 +1.45 +2.23 11 1 17 1.39 0.75 14 11 +1.34 +2.14 06 12 0.18 0.09 04 -0.89 -0.84
060 28 160.0 252 211.50 097 075 080 069 11 000 15 2.90 15 +1.41 +2.21 11 1 17 1.39 0.75 14 11 +1.35 +2.14 06 12 0.18 0.09 04 -0.88 -0.84
060 28 180.0 252 214.20 102 076 074 062 12 000 15 2.91 15 +1.45 +2.27 11 1 17 1.46 0.75 14 12 +1.37 +2.20 06 13 0.21 0.11 03 -0.89 -0.88
060 28 200.0 251 215.43 102 076 073 060 13 000 15 2.90 15 +1.51 +2.40 11 1 17 1.52 0.75 14 13 +1.42 +2.33 06 13 0.22 0.11 03 -0.88 -0.87
