051 36 020.0 291 187.84 099 106 086 062 00 090 11 2.65 09 +0.12 -0.04 01 0 09 0.16 0.10 05 00 -0.41 -0.48 02 18 0.29 0.19 08 -0.20 -0.24
051 36 040.0 338 219.41 100 114 124 095 00 089 11 2.67 10 +0.59 +0.50 01 0 15 0.30 0.17 06 00 -0.03 -0.05 02 22 0.47 0.27 10 +0.10 +0.05
051 36 060.0 381 242.82 100 117 164 122 00 079 11 2.69 11 +0.94 +1.00 01 0 19 0.41 0.22 08 00 +0.23 +0.23 02 22 0.59 0.31 11 +0.57 +0.59
051 36 080.0 380 235.31 103 117 160 128 01 053 11 2.74 11 +1.00 +1.12 02 0 22 0.76 0.38 11 01 +0.94 +1.05 01 19 0.36 0.18 09 +0.01 -0.07
051 36 099.9 328 216.56 103 111 114 097 03 022 11 2.80 11 +1.30 +1.79 02 0 22 0.97 0.47 11 03 +1.30 +1.79 03 22 0.41 0.20 08 -0.57 -0.41
051 36 120.0 305 211.95 103 111 091 084 05 006 11 2.87 11 +1.38 +2.00 02 1 22 1.08 0.49 11 05 +1.38 +2.00 03 22 0.42 0.19 07 -0.77 -0.64
051 36 140.0 297 214.24 105 111 081 075 06 000 11 2.93 11 +1.39 +2.04 02 1 22 1.13 0.49 11 06 +1.39 +2.04 01 09 0.13 0.06 03 -0.87 -0.80
051 36 160.0 294 214.68 105 111 078 071 07 000 11 2.95 11 +1.42 +2.11 02 1 22 1.16 0.50 11 07 +1.42 +2.11 03 22 0.42 0.18 04 -0.90 -0.83
051 36 180.0 294 214.60 105 111 078 071 07 000 11 2.95 11 +1.42 +2.12 02 1 22 1.16 0.50 11 07 +1.42 +2.12 03 22 0.42 0.18 04 -0.90 -0.83
051 36 200.0 294 214.59 105 111 078 071 07 000 11 2.95 11 +1.42 +2.12 02 1 22 1.16 0.50 11 07 +1.42 +2.12 03 22 0.42 0.18 04 -0.90 -0.83
052 36 020.0 298 203.40 102 104 092 070 00 085 13 2.56 10 +0.09 -0.07 03 0 22 0.52 0.43 08 00 -0.17 -0.26 11 08 0.13 0.11 05 -0.54 -0.60
052 36 040.0 314 218.47 096 094 124 090 00 069 13 2.60 12 +0.79 +0.87 03 0 22 0.72 0.58 10 00 +0.59 +0.70 01 09 0.12 0.09 06 -0.58 -0.55
052 36 060.0 345 236.07 098 099 148 100 02 078 13 2.64 13 +1.14 +1.39 03 1 22 0.83 0.56 12 02 +0.95 +1.25 11 12 0.25 0.17 07 -0.46 -0.44
052 36 080.0 317 227.13 103 104 110 093 05 021 13 2.73 13 +1.30 +1.82 03 1 22 1.04 0.60 12 05 +1.18 +1.71 11 12 0.21 0.12 07 -0.70 -0.62
052 36 099.9 291 222.54 106 104 081 071 08 002 13 2.80 13 +1.42 +2.14 03 1 22 1.18 0.61 12 08 +1.30 +2.03 11 12 0.22 0.11 04 -0.80 -0.77
052 36 120.0 286 220.79 106 104 076 066 09 000 13 2.82 13 +1.41 +2.18 03 1 22 1.21 0.62 12 09 +1.32 +2.10 11 12 0.20 0.10 03 -0.96 -0.93
052 36 140.0 284 221.22 106 104 074 064 09 000 13 2.83 13 +1.42 +2.19 03 1 22 1.21 0.62 12 09 +1.32 +2.10 01 09 0.13 0.07 02 -0.97 -0.95
052 36 160.0 284 221.24 106 104 074 064 09 000 13 2.83 13 +1.43 +2.19 03 1 22 1.21 0.62 12 09 +1.32 +2.10 01 09 0.13 0.07 02 -0.97 -0.95
052 36 180.0 284 222.90 106 105 073 061 11 001 13 2.81 13 +1.49 +2.37 03 1 22 1.27 0.63 12 11 +1.39 +2.29 01 09 0.13 0.06 02 -0.97 -0.95
052 36 200.0 285 221.69 107 106 072 061 11 000 13 2.81 13 +1.50 +2.39 03 1 22 1.27 0.62 12 11 +1.39 +2.30 01 09 0.13 0.06 02 -0.97 -0.95
053 36 020.0 223 155.28 078 066 079 058 00 061 11 2.61 10 +0.30 +0.13 01 0 09 0.17 0.25 05 00 -0.35 -0.42 05 12 0.23 0.34 06 -0.44 -0.46
053 36 040.0 271 184.01 078 075 118 081 00 068 11 2.63 11 +0.78 +0.82 01 0 19 0.41 0.49 08 00 +0.29 +0.37 05 11 0.17 0.21 07 -0.50 -0.42
053 36 060.0 265 184.99 087 077 101 094 02 014 11 2.77 11 +1.24 +1.58 01 1 19 0.67 0.59 09 02 +0.88 +1.24 03 08 0.11 0.09 06 -0.67 -0.55
053 36 080.0 240 179.45 090 078 072 067 03 003 11 2.82 11 +1.15 +1.50 01 1 19 0.75 0.58 09 03 +0.88 +1.26 03 09 0.13 0.10 05 -0.72 -0.66
053 36 099.9 273 207.57 099 093 081 062 05 025 11 2.86 11 +1.29 +1.78 01 1 19 0.82 0.48 09 05 +0.97 +1.50 11 12 0.28 0.16 04 -0.44 -0.48
053 36 120.0 283 202.02 104 097 082 070 06 014 11 2.86 11 +1.24 +1.84 01 1 21 0.89 0.49 10 06 +1.10 +1.72 11 12 0.26 0.14 06 -0.54 -0.52
053 36 140.0 274 199.00 103 097 074 064 07 001 11 2.87 11 +1.51 +2.34 01 1 21 0.95 0.52 11 07 +1.51 +2.34 11 12 0.21 0.12 04 -0.70 -0.65
053 36 160.0 281 202.91 103 100 078 059 08 008 11 2.89 11 +1.56 +2.46 01 1 21 0.96 0.51 11 08 +1.56 +2.46 11 12 0.22 0.12 04 -0.71 -0.66
053 36 180.0 269 201.21 104 101 064 052 10 001 11 2.91 11 +1.60 +2.57 01 1 21 1.05 0.52 11 10 +1.60 +2.57 11 12 0.23 0.12 03 -0.78 -0.76
053 36 200.0 275 206.01 106 107 062 051 11 001 11 2.91 11 +1.63 +2.66 01 1 21 1.09 0.49 11 11 +1.63 +2.66 11 12 0.24 0.11 03 -0.78 -0.76
054 36 020.0 221 159.26 086 060 075 051 00 067 11 3.03 10 +0.22 +0.05 01 0 09 0.15 0.25 06 00 -0.34 -0.41 05 12 0.26 0.42 07 -0.24 -0.30
054 36 040.0 278 195.07 085 066 127 089 00 051 11 3.03 10 +0.49 +0.35 01 0 15 0.30 0.39 07 00 +0.05 -0.02 05 12 0.26 0.35 08 -0.12 -0.19
054 36 060.0 299 214.38 085 073 141 111 00 037 11 3.06 11 +0.97 +1.05 01 0 19 0.55 0.53 11 00 +0.90 +0.97 05 15 0.32 0.31 08 -0.17 -0.18
054 36 080.0 303 213.37 092 076 135 106 03 042 11 3.13 11 +1.30 +1.76 01 1 19 0.75 0.62 11 03 +1.30 +1.76 05 17 0.28 0.23 08 -0.54 -0.39
054 36 099.9 285 206.18 096 079 110 092 04 021 11 3.17 11 +1.36 +1.96 01 1 21 0.84 0.62 11 04 +1.36 +1.96 05 17 0.29 0.21 06 -0.73 -0.62
054 36 120.0 294 215.82 101 088 105 082 06 031 11 3.19 11 +1.40 +2.06 01 1 21 0.92 0.59 11 06 +1.40 +2.06 05 17 0.31 0.20 04 -0.85 -0.79
054 36 140.0 275 204.49 102 088 085 076 08 001 11 3.21 11 +1.47 +2.26 01 1 21 0.98 0.60 11 08 +1.47 +2.26 08 07 0.08 0.05 03 -0.90 -0.84
054 36 160.0 271 205.46 102 089 080 069 09 001 11 3.22 11 +1.51 +2.37 01 1 21 1.00 0.60 11 09 +1.51 +2.37 05 17 0.32 0.19 03 -0.93 -0.88
054 36 180.0 268 203.66 102 090 076 066 09 000 11 3.22 11 +1.51 +2.37 01 1 21 1.00 0.60 11 09 +1.51 +2.37 05 17 0.32 0.19 02 -0.97 -0.95
054 36 200.0 268 203.67 102 090 076 066 09 000 11 3.22 11 +1.51 +2.37 01 1 21 1.00 0.60 11 09 +1.51 +2.37 05 17 0.32 0.19 02 -0.97 -0.95
055 36 020.0 205 146.50 077 061 067 046 00 050 11 2.63 10 +0.37 +0.20 05 0 17 0.38 0.55 08 00 +0.07 -0.05 03 11 0.15 0.22 04 -0.61 -0.63
055 36 040.0 219 163.23 080 060 079 071 00 015 11 2.71 11 +1.09 +1.25 05 0 19 0.65 0.72 09 00 +0.76 +0.95 03 09 0.11 0.12 05 -0.65 -0.59
055 36 060.0 202 164.09 079 057 066 062 03 003 11 2.80 11 +1.22 +1.58 05 1 19 0.84 0.80 09 03 +0.88 +1.25 11 03 0.03 0.03 03 -0.78 -0.74
055 36 080.0 198 164.89 084 059 055 050 05 000 11 2.87 11 +1.21 +1.68 05 1 19 0.93 0.79 09 05 +0.94 +1.44 11 04 0.04 0.03 03 -0.76 -0.74
055 36 099.9 214 179.50 086 067 061 047 06 012 11 2.89 11 +1.28 +1.80 05 1 19 0.95 0.68 09 06 +0.97 +1.52 11 12 0.23 0.16 04 -0.57 -0.57
055 36 120.0 217 173.57 086 067 064 055 07 004 11 2.87 11 +1.28 +1.94 05 1 19 0.96 0.70 09 07 +1.04 +1.71 11 12 0.21 0.15 04 -0.65 -0.62
055 36 140.0 215 172.41 086 067 062 055 07 000 11 2.87 11 +1.31 +1.94 05 1 19 0.96 0.69 09 07 +1.04 +1.71 11 12 0.21 0.15 03 -0.66 -0.68
055 36 160.0 213 172.38 086 067 060 053 07 000 11 2.88 11 +1.31 +1.94 05 1 19 0.96 0.69 09 07 +1.04 +1.71 11 12 0.22 0.16 03 -0.66 -0.68
055 36 180.0 213 172.71 086 068 059 052 07 000 11 2.88 11 +1.31 +1.94 05 1 19 0.96 0.69 09 07 +1.04 +1.71 11 12 0.22 0.16 03 -0.66 -0.68
055 36 200.0 211 170.85 086 067 058 051 07 000 11 2.88 11 +1.29 +1.93 05 1 19 0.96 0.70 09 07 +1.04 +1.71 03 06 0.08 0.06 03 -0.77 -0.78
056 36 020.0 226 180.65 086 059 081 058 00 065 13 2.85 13 +0.53 +0.36 05 0 17 0.50 0.76 11 00 +0.33 +0.20 06 07 0.07 0.09 05 -0.60 -0.61
056 36 040.0 255 196.40 086 056 113 086 00 051 13 2.87 13 +1.10 +1.33 05 0 19 0.73 0.86 11 00 +0.87 +1.14 06 02 0.02 0.02 03 -0.85 -0.80
056 36 060.0 243 197.13 087 054 102 080 03 031 13 2.94 13 +1.22 +1.58 05 1 19 0.91 0.89 12 03 +1.01 +1.42 11 01 0.01 0.01 01 -0.93 -0.92
056 36 080.0 234 197.00 091 054 089 079 07 005 13 2.96 13 +1.34 +1.93 05 1 19 1.13 0.91 13 07 +1.32 +1.92 11 01 0.01 0.01 01 -0.94 -0.93
056 36 099.9 226 193.49 091 053 082 074 08 000 13 2.97 13 +1.42 +2.10 05 1 19 1.18 0.91 13 08 +1.42 +2.10 04 03 0.03 0.02 01 -0.96 -0.94
056 36 120.0 223 193.47 091 055 077 066 10 001 13 2.99 13 +1.49 +2.30 05 1 19 1.24 0.90 13 10 +1.49 +2.30 04 03 0.04 0.03 01 -0.96 -0.94
056 36 140.0 220 192.52 091 055 074 064 10 000 13 2.99 13 +1.49 +2.31 05 1 19 1.24 0.90 13 10 +1.49 +2.31 04 03 0.04 0.03 01 -0.96 -0.94
056 36 160.0 216 192.06 091 055 070 059 11 000 13 3.00 13 +1.52 +2.39 05 1 19 1.26 0.90 13 11 +1.52 +2.39 07 01 0.01 0.01 01 -0.99 -0.98
056 36 180.0 216 192.01 091 055 070 059 11 000 13 3.00 13 +1.52 +2.40 05 1 19 1.26 0.90 13 11 +1.52 +2.40 07 01 0.01 0.01 01 -0.99 -0.98
056 36 200.0 216 191.99 091 055 070 059 11 000 13 3.00 13 +1.52 +2.40 05 1 19 1.26 0.90 13 11 +1.52 +2.40 07 01 0.01 0.01 01 -0.99 -0.98
057 36 020.0 299 216.75 112 096 091 063 00 092 15 2.63 14 +0.24 +0.06 05 0 17 0.38 0.33 08 00 -0.30 -0.40 06 11 0.17 0.15 07 -0.44 -0.51
057 36 040.0 373 255.32 116 105 152 119 00 099 15 2.64 15 +0.82 +0.71 05 0 17 0.52 0.37 10 00 +0.22 +0.16 03 22 0.47 0.33 12 +0.00 -0.01
057 36 060.0 403 262.98 115 110 178 142 00 099 15 2.65 15 +1.04 +1.15 05 0 19 0.67 0.42 10 00 +0.40 +0.51 03 22 0.48 0.30 12 +0.03 +0.09
057 36 080.0 391 264.21 114 113 164 132 03 050 15 2.67 15 +1.05 +1.26 05 0 20 0.79 0.45 10 03 +0.50 +0.74 03 22 0.50 0.28 12 -0.05 -0.06
057 36 099.9 385 275.62 118 116 151 113 06 049 15 2.72 15 +1.19 +1.55 05 1 21 1.03 0.50 13 06 +0.91 +1.31 03 22 0.45 0.22 05 -0.64 -0.61
057 36 120.0 391 269.57 119 116 156 129 06 038 15 2.73 15 +1.27 +1.72 05 1 21 1.08 0.54 14 06 +1.17 +1.63 03 22 0.36 0.18 06 -0.76 -0.70
057 36 140.0 380 265.48 119 118 143 118 09 026 15 2.79 15 +1.32 +1.87 05 1 21 1.18 0.56 14 09 +1.23 +1.79 03 22 0.35 0.17 06 -0.81 -0.72
057 36 160.0 372 262.01 119 118 135 119 09 007 15 2.80 15 +1.33 +1.92 05 1 21 1.19 0.55 15 09 +1.33 +1.92 03 22 0.37 0.17 05 -0.89 -0.82
057 36 180.0 356 258.66 120 118 118 106 10 004 15 2.84 15 +1.39 +2.03 05 1 21 1.23 0.55 15 10 +1.39 +2.03 06 10 0.12 0.06 03 -0.93 -0.90
057 36 200.0 353 259.00 121 118 114 102 11 003 15 2.84 15 +1.41 +2.05 05 1 21 1.24 0.55 15 11 +1.41 +2.05 06 10 0.13 0.06 03 -0.93 -0.90
058 36 020.0 240 168.51 085 074 081 051 00 071 11 2.67 08 +0.05 -0.12 04 0 14 0.27 0.41 05 00 -0.45 -0.52 07 06 0.08 0.12 04 -0.51 -0.57
058 36 040.0 301 194.98 083 080 138 097 00 089 11 2.64 10 +0.40 +0.30 07 0 11 0.19 0.26 05 00 -0.23 -0.24 04 14 0.24 0.33 08 -0.27 -0.26
058 36 060.0 312 199.20 082 079 151 117 00 044 11 2.65 10 +0.60 +0.58 07 0 12 0.23 0.30 07 00 +0.12 +0.14 04 14 0.24 0.31 09 -0.21 -0.16
058 36 080.0 305 202.13 091 089 125 110 02 017 11 2.71 10 +0.93 +1.20 07 0 16 0.48 0.44 09 02 +0.77 +1.06 04 14 0.26 0.24 08 -0.45 -0.40
058 36 099.9 301 206.12 100 096 105 091 04 019 11 2.85 11 +1.48 +2.21 07 1 21 0.76 0.55 11 04 +1.48 +2.21 04 14 0.23 0.17 04 -0.80 -0.73
058 36 120.0 286 203.52 102 100 084 076 05 003 11 2.90 11 +1.49 +2.24 07 1 21 0.82 0.54 11 05 +1.49 +2.24 04 14 0.25 0.16 03 -0.87 -0.82
058 36 140.0 277 206.65 102 101 074 064 10 001 11 2.96 11 +1.61 +2.59 07 1 21 1.01 0.58 11 10 +1.61 +2.59 04 14 0.25 0.15 03 -0.90 -0.85
058 36 160.0 272 204.92 102 101 069 058 11 000 11 2.97 11 +1.64 +2.68 07 1 21 1.05 0.58 11 11 +1.64 +2.68 04 14 0.26 0.14 02 -0.97 -0.94
058 36 180.0 271 205.06 102 101 068 057 11 000 11 2.97 11 +1.64 +2.70 07 1 21 1.05 0.58 11 11 +1.64 +2.70 04 14 0.26 0.15 02 -0.97 -0.94
058 36 200.0 271 205.06 102 101 068 057 11 000 11 2.97 11 +1.64 +2.70 07 1 21 1.05 0.58 11 11 +1.64 +2.70 04 14 0.26 0.15 02 -0.97 -0.94
059 36 020.0 215 147.23 091 064 060 033 00 054 09 3.19 08 +0.42 +0.24 07 0 11 0.18 0.31 06 00 +0.07 -0.05 04 14 0.27 0.45 07 -0.09 -0.17
059 36 040.0 273 173.86 094 069 110 079 00 067 09 3.17 08 +0.70 +0.76 07 0 12 0.29 0.40 07 00 +0.52 +0.61 04 14 0.19 0.27 07 -0.40 -0.30
059 36 060.0 276 172.68 094 071 111 086 01 044 09 3.18 09 +0.97 +1.09 07 0 15 0.41 0.50 08 01 +0.79 +0.94 04 14 0.18 0.22 05 -0.60 -0.49
059 36 080.0 290 190.53 097 078 115 089 03 034 09 3.28 09 +1.16 +1.50 07 1 21 0.71 0.61 08 03 +0.98 +1.35 04 14 0.20 0.17 06 -0.70 -0.57
059 36 099.9 275 187.51 099 081 095 077 04 019 09 3.31 09 +1.19 +1.56 07 1 21 0.77 0.60 09 04 +1.19 +1.56 05 11 0.20 0.15 02 -0.84 -0.80
059 36 120.0 276 187.74 099 081 096 079 04 016 09 3.31 09 +1.19 +1.57 07 1 21 0.77 0.59 09 04 +1.19 +1.57 05 11 0.20 0.15 04 -0.77 -0.66
059 36 140.0 276 188.12 101 081 094 084 04 008 09 3.31 09 +1.21 +1.61 07 1 21 0.77 0.59 09 04 +1.21 +1.61 05 11 0.20 0.15 03 -0.81 -0.73
059 36 160.0 263 183.62 101 082 080 075 05 000 09 3.32 09 +1.27 +1.75 07 1 21 0.80 0.59 09 05 +1.27 +1.75 04 14 0.24 0.18 02 -0.96 -0.93
059 36 180.0 261 184.46 101 083 077 070 05 003 09 3.33 09 +1.29 +1.79 07 1 21 0.80 0.58 09 05 +1.29 +1.79 04 14 0.25 0.18 02 -0.96 -0.93
059 36 200.0 256 182.85 101 083 072 066 06 000 09 3.33 09 +1.40 +2.04 07 1 21 0.86 0.60 09 06 +1.40 +2.04 04 14 0.24 0.17 02 -0.96 -0.93
060 36 020.0 276 200.12 101 087 088 060 00 095 15 2.68 13 +0.18 +0.01 01 0 09 0.16 0.18 05 00 -0.53 -0.60 11 11 0.19 0.22 06 -0.55 -0.59
060 36 040.0 337 240.23 105 098 134 107 00 084 15 2.68 15 +0.57 +0.37 01 0 09 0.19 0.16 06 00 -0.44 -0.47 03 22 0.51 0.43 11 -0.14 -0.20
060 36 060.0 387 273.12 104 104 179 137 00 085 15 2.68 15 +0.66 +0.50 01 0 15 0.31 0.24 07 00 -0.26 -0.30 03 22 0.53 0.41 11 -0.07 -0.15
060 36 080.0 397 273.11 106 102 189 152 01 052 15 2.69 15 +0.75 +0.64 01 0 15 0.38 0.27 10 01 +0.07 +0.06 03 22 0.57 0.41 12 +0.07 -0.01
060 36 099.9 410 280.52 107 106 197 160 01 058 15 2.70 15 +0.87 +0.86 01 0 19 0.50 0.33 11 01 +0.28 +0.31 03 22 0.57 0.38 14 +0.36 +0.30
060 36 120.0 414 283.98 106 106 202 171 02 059 15 2.71 15 +1.02 +1.13 01 0 19 0.56 0.35 12 02 +0.41 +0.54 03 22 0.62 0.38 14 +0.45 +0.42
060 36 140.0 409 280.95 106 109 194 167 03 029 15 2.73 15 +1.05 +1.23 01 0 19 0.64 0.37 13 03 +0.59 +0.79 03 22 0.58 0.33 14 +0.26 +0.25
060 36 160.0 379 267.51 111 110 158 143 04 018 15 2.79 15 +1.17 +1.50 01 1 19 0.85 0.46 13 04 +0.92 +1.26 03 22 0.45 0.25 11 -0.36 -0.27
060 36 180.0 365 261.87 114 114 137 127 06 005 15 2.82 15 +1.23 +1.67 01 1 21 0.99 0.50 15 06 +1.23 +1.67 03 22 0.41 0.21 07 -0.79 -0.70
060 36 200.0 360 261.21 113 114 133 125 07 002 15 2.83 15 +1.35 +1.94 01 1 21 1.04 0.50 15 07 +1.35 +1.94 03 22 0.41 0.20 07 -0.85 -0.76
