051 90 020.0 217 156.34 082 056 079 053 00 050 11 2.67 10 +0.30 +0.12 01 0 14 0.27 0.32 07 00 -0.10 -0.23 12 11 0.42 0.49 06 -0.25 -0.36
051 90 040.0 257 180.87 085 066 106 078 00 039 11 2.72 11 +0.86 +0.88 01 0 21 0.47 0.40 11 00 +0.54 +0.53 12 15 0.58 0.49 08 +0.15 +0.14
051 90 060.0 261 189.30 087 068 106 098 00 010 11 2.78 11 +1.10 +1.25 01 0 21 0.57 0.43 11 00 +0.81 +0.90 12 15 0.62 0.47 10 +0.33 +0.35
051 90 080.0 249 186.49 089 072 088 079 03 009 11 2.84 11 +1.17 +1.51 01 0 23 0.78 0.54 11 03 +1.15 +1.48 12 15 0.51 0.35 09 -0.21 -0.22
051 90 099.9 259 197.35 094 078 087 072 05 014 11 2.93 11 +1.41 +2.05 01 1 23 0.97 0.59 11 05 +1.41 +2.05 02 11 0.12 0.08 05 -0.77 -0.69
051 90 120.0 249 195.70 098 082 069 060 08 003 11 2.96 11 +1.50 +2.30 01 1 23 1.09 0.60 11 08 +1.50 +2.30 12 15 0.46 0.25 04 -0.95 -0.91
051 90 140.0 247 193.32 098 082 067 059 08 000 11 2.96 11 +1.50 +2.31 01 1 23 1.09 0.60 11 08 +1.50 +2.31 12 15 0.46 0.26 04 -0.95 -0.91
051 90 160.0 246 193.01 098 082 066 056 10 000 11 2.94 11 +1.57 +2.50 01 1 23 1.13 0.61 11 10 +1.57 +2.50 12 15 0.47 0.25 04 -0.95 -0.91
051 90 180.0 244 192.15 096 082 066 056 10 000 11 2.94 11 +1.58 +2.54 01 1 23 1.13 0.61 11 10 +1.58 +2.54 12 15 0.47 0.25 04 -0.95 -0.91
051 90 200.0 244 192.14 096 082 066 056 10 000 11 2.94 11 +1.58 +2.54 01 1 23 1.13 0.61 11 10 +1.58 +2.54 12 15 0.47 0.25 04 -0.95 -0.91
052 90 020.0 242 178.88 087 071 084 059 00 059 13 2.58 12 +0.32 +0.17 01 0 19 0.43 0.41 11 00 +0.19 +0.06 12 10 0.40 0.38 05 -0.50 -0.57
052 90 040.0 287 211.42 093 074 120 091 00 049 13 2.63 13 +1.07 +1.34 01 0 23 0.74 0.59 13 00 +1.07 +1.34 12 10 0.33 0.27 07 -0.54 -0.49
052 90 060.0 284 217.48 097 077 110 094 03 021 13 2.74 13 +1.32 +1.80 01 1 23 0.96 0.65 13 03 +1.32 +1.80 12 10 0.31 0.21 06 -0.78 -0.68
052 90 080.0 258 208.39 100 082 076 068 07 000 13 2.80 13 +1.45 +2.18 01 1 23 1.12 0.63 13 07 +1.45 +2.18 12 10 0.38 0.21 03 -0.94 -0.89
052 90 099.9 250 210.19 103 082 065 056 09 000 13 2.84 13 +1.49 +2.29 01 1 23 1.20 0.65 13 09 +1.49 +2.29 12 10 0.38 0.21 02 -0.97 -0.95
052 90 120.0 249 210.24 103 082 064 054 10 000 13 2.83 13 +1.53 +2.39 01 1 23 1.23 0.65 13 10 +1.53 +2.39 12 10 0.39 0.21 02 -0.97 -0.95
052 90 140.0 249 210.98 103 082 064 053 11 000 13 2.85 13 +1.56 +2.48 01 1 23 1.25 0.65 13 11 +1.56 +2.48 12 10 0.39 0.20 02 -0.97 -0.95
052 90 160.0 249 210.86 104 082 063 050 13 000 13 2.85 13 +1.61 +2.61 01 1 23 1.27 0.66 13 13 +1.61 +2.61 12 10 0.39 0.20 02 -0.97 -0.95
052 90 180.0 249 210.66 104 082 063 050 13 000 13 2.85 13 +1.63 +2.67 01 1 23 1.27 0.66 13 13 +1.63 +2.67 12 10 0.39 0.20 02 -0.97 -0.95
052 90 200.0 249 210.64 104 082 063 050 13 000 13 2.85 13 +1.63 +2.67 01 1 23 1.27 0.66 13 13 +1.63 +2.67 12 10 0.39 0.20 02 -0.97 -0.95
053 90 020.0 220 158.98 082 061 077 050 00 058 11 2.61 08 +0.20 +0.08 01 0 15 0.33 0.37 08 00 +0.13 +0.05 12 10 0.34 0.38 05 -0.50 -0.53
053 90 040.0 249 177.41 083 066 100 082 00 026 11 2.67 11 +1.05 +1.26 01 0 23 0.67 0.60 11 00 +1.05 +1.26 12 10 0.29 0.26 06 -0.65 -0.54
053 90 060.0 259 193.17 090 072 097 078 03 022 11 2.80 11 +1.28 +1.72 01 1 23 0.91 0.64 11 03 +1.28 +1.72 12 10 0.29 0.20 07 -0.77 -0.63
053 90 080.0 235 183.41 092 072 071 064 04 007 11 2.85 11 +1.28 +1.74 01 1 23 0.95 0.62 11 04 +1.28 +1.74 02 09 0.09 0.06 03 -0.94 -0.90
053 90 099.9 229 185.22 094 072 063 057 06 000 11 2.91 11 +1.37 +1.98 01 1 23 1.02 0.63 11 06 +1.37 +1.98 08 05 0.05 0.03 01 -0.98 -0.96
053 90 120.0 228 184.99 094 072 062 056 06 000 11 2.91 11 +1.37 +1.98 01 1 23 1.02 0.63 11 06 +1.37 +1.98 08 05 0.05 0.03 01 -0.98 -0.96
053 90 140.0 228 184.98 094 072 062 056 06 000 11 2.91 11 +1.37 +1.98 01 1 23 1.02 0.63 11 06 +1.37 +1.98 08 05 0.05 0.03 01 -0.98 -0.96
053 90 160.0 228 185.48 094 072 062 055 07 000 11 2.91 11 +1.41 +2.10 01 1 23 1.05 0.63 11 07 +1.41 +2.10 08 05 0.05 0.03 01 -0.98 -0.96
053 90 180.0 228 185.45 094 072 062 055 07 000 11 2.91 11 +1.41 +2.10 01 1 23 1.05 0.63 11 07 +1.41 +2.10 08 05 0.05 0.03 01 -0.98 -0.96
053 90 200.0 228 186.12 094 072 062 054 08 000 11 2.92 11 +1.45 +2.18 01 1 23 1.06 0.64 11 08 +1.45 +2.18 08 05 0.05 0.03 01 -0.98 -0.96
054 90 020.0 218 164.01 080 056 082 050 00 067 11 3.04 10 +0.31 +0.11 01 0 12 0.22 0.35 07 00 -0.17 -0.28 02 14 0.20 0.32 06 -0.35 -0.42
054 90 040.0 298 211.49 095 077 126 088 00 067 11 3.07 11 +0.98 +1.08 01 0 21 0.56 0.48 11 00 +0.91 +1.02 02 22 0.40 0.34 11 -0.11 -0.03
054 90 060.0 329 219.54 103 082 144 105 01 068 11 3.12 11 +1.32 +1.82 01 1 23 0.78 0.55 11 01 +1.32 +1.82 02 22 0.32 0.22 09 -0.53 -0.36
054 90 080.0 304 219.39 105 083 116 090 06 029 11 3.18 11 +1.35 +1.94 01 1 23 0.94 0.56 11 06 +1.35 +1.94 02 22 0.37 0.22 07 -0.78 -0.68
054 90 099.9 287 211.39 107 084 096 085 07 005 11 3.21 11 +1.44 +2.17 01 1 23 0.99 0.55 11 07 +1.44 +2.17 02 22 0.38 0.22 05 -0.89 -0.81
054 90 120.0 278 208.52 109 084 085 077 08 000 11 3.22 11 +1.47 +2.25 01 1 23 1.02 0.56 11 08 +1.47 +2.25 02 22 0.39 0.22 05 -0.92 -0.86
054 90 140.0 277 208.07 109 084 084 075 09 000 11 3.22 11 +1.50 +2.35 01 1 23 1.04 0.56 11 09 +1.50 +2.35 02 22 0.39 0.21 05 -0.92 -0.86
054 90 160.0 277 208.07 109 084 084 075 09 000 11 3.22 11 +1.50 +2.35 01 1 23 1.04 0.56 11 09 +1.50 +2.35 02 22 0.39 0.21 05 -0.92 -0.86
054 90 180.0 277 208.08 109 084 084 075 09 000 11 3.22 11 +1.50 +2.35 01 1 23 1.04 0.56 11 09 +1.50 +2.35 02 22 0.39 0.21 05 -0.92 -0.86
054 90 200.0 277 208.08 109 084 084 075 09 000 11 3.22 11 +1.50 +2.35 01 1 23 1.04 0.56 11 09 +1.50 +2.35 02 22 0.39 0.21 05 -0.92 -0.86
055 90 020.0 226 164.41 082 067 077 053 00 065 11 2.61 10 +0.28 +0.12 05 0 17 0.36 0.35 08 00 -0.01 -0.12 01 15 0.25 0.25 07 -0.22 -0.29
055 90 040.0 265 182.28 084 067 114 089 00 050 11 2.65 11 +0.93 +1.01 05 0 17 0.52 0.46 09 00 +0.52 +0.58 01 15 0.29 0.25 09 +0.04 +0.08
055 90 060.0 258 183.92 087 069 102 097 00 013 11 2.72 11 +1.17 +1.41 05 0 19 0.66 0.52 09 00 +0.78 +1.00 01 15 0.29 0.23 10 +0.06 +0.14
055 90 080.0 238 174.83 087 068 083 079 03 001 11 2.77 11 +1.10 +1.48 05 0 19 0.78 0.58 09 03 +0.89 +1.29 01 14 0.22 0.16 08 -0.42 -0.39
055 90 099.9 225 177.87 090 069 066 059 07 000 11 2.88 11 +1.34 +1.96 05 1 19 0.94 0.61 09 07 +1.03 +1.69 12 10 0.33 0.22 03 -0.82 -0.79
055 90 120.0 224 177.77 090 069 065 058 07 000 11 2.89 11 +1.38 +2.03 05 1 19 0.94 0.62 09 07 +1.04 +1.71 12 10 0.33 0.22 03 -0.85 -0.81
055 90 140.0 224 175.83 090 069 065 058 07 000 11 2.88 11 +1.30 +1.94 05 1 19 0.94 0.62 09 07 +1.04 +1.71 12 10 0.33 0.22 03 -0.79 -0.79
055 90 160.0 224 176.53 090 069 065 058 07 000 11 2.88 11 +1.30 +1.93 05 1 19 0.94 0.61 09 07 +1.04 +1.71 12 10 0.35 0.23 03 -0.74 -0.76
055 90 180.0 223 176.87 090 069 064 057 07 000 11 2.88 11 +1.29 +1.92 05 1 19 0.94 0.60 09 07 +1.04 +1.71 12 10 0.36 0.23 03 -0.72 -0.74
055 90 200.0 225 177.28 092 069 064 057 07 000 11 2.88 11 +1.31 +1.94 05 1 19 0.94 0.60 09 07 +1.04 +1.71 12 10 0.37 0.24 03 -0.69 -0.71
056 90 020.0 249 197.83 093 072 084 057 00 083 13 2.85 13 +0.50 +0.29 05 0 17 0.46 0.42 11 00 +0.24 +0.07 01 16 0.29 0.26 09 -0.13 -0.23
056 90 040.0 299 218.80 091 071 137 106 00 073 13 2.86 13 +1.09 +1.25 05 0 19 0.68 0.56 11 00 +0.78 +0.95 01 16 0.30 0.24 11 -0.10 -0.04
056 90 060.0 314 222.69 091 072 151 113 01 051 13 2.88 13 +1.22 +1.53 05 0 20 0.74 0.60 12 01 +1.01 +1.32 01 16 0.27 0.22 09 -0.25 -0.20
056 90 080.0 290 219.59 094 075 121 087 06 043 13 2.95 13 +1.40 +2.03 05 1 21 1.09 0.67 13 06 +1.34 +1.99 01 16 0.26 0.16 05 -0.68 -0.64
056 90 099.9 266 210.82 095 076 095 081 09 009 13 2.98 13 +1.53 +2.37 05 1 21 1.20 0.69 13 09 +1.53 +2.37 01 16 0.23 0.13 04 -0.89 -0.83
056 90 120.0 260 213.03 097 076 087 074 12 001 13 3.02 13 +1.57 +2.50 05 1 21 1.31 0.69 13 12 +1.57 +2.50 01 16 0.25 0.13 03 -0.94 -0.90
056 90 140.0 259 211.51 097 076 086 074 12 000 13 3.02 13 +1.60 +2.57 05 1 21 1.31 0.69 13 12 +1.60 +2.57 01 16 0.25 0.13 03 -0.94 -0.90
056 90 160.0 256 211.40 097 076 083 070 13 000 13 3.03 13 +1.62 +2.63 05 1 21 1.34 0.69 13 13 +1.62 +2.63 01 16 0.26 0.13 02 -0.98 -0.96
056 90 180.0 256 211.38 097 076 083 070 13 000 13 3.03 13 +1.62 +2.63 05 1 21 1.34 0.69 13 13 +1.62 +2.63 01 16 0.26 0.13 02 -0.98 -0.96
056 90 200.0 256 211.38 097 076 083 070 13 000 13 3.03 13 +1.62 +2.63 05 1 21 1.34 0.69 13 13 +1.62 +2.63 01 16 0.26 0.13 02 -0.98 -0.96
057 90 020.0 267 196.89 107 076 084 061 00 071 15 2.64 15 +0.39 +0.19 05 0 09 0.21 0.19 06 00 -0.50 -0.55 12 12 0.40 0.36 07 -0.40 -0.47
057 90 040.0 336 244.69 114 090 132 099 00 075 15 2.66 15 +0.67 +0.51 05 0 17 0.39 0.25 07 00 -0.22 -0.29 02 22 0.47 0.30 13 +0.08 +0.04
057 90 060.0 388 265.42 125 092 171 131 00 073 15 2.66 15 +0.88 +0.83 05 0 17 0.46 0.27 10 00 +0.10 +0.09 02 22 0.50 0.29 13 +0.13 +0.11
057 90 080.0 391 262.68 125 092 174 145 01 035 15 2.65 15 +0.86 +0.86 05 0 17 0.60 0.36 11 01 +0.37 +0.43 02 22 0.45 0.27 13 -0.09 -0.11
057 90 099.9 421 276.23 120 096 205 150 03 064 15 2.64 15 +1.03 +1.19 05 1 19 0.77 0.46 12 03 +0.66 +0.89 12 15 0.44 0.26 09 -0.31 -0.33
057 90 120.0 387 265.71 122 096 169 127 06 042 15 2.72 15 +1.20 +1.64 05 1 19 1.01 0.53 13 06 +1.02 +1.49 12 15 0.39 0.21 07 -0.70 -0.64
057 90 140.0 388 266.55 125 097 166 138 07 035 15 2.74 15 +1.30 +1.83 05 1 19 1.07 0.55 15 07 +1.28 +1.82 02 22 0.33 0.17 07 -0.76 -0.68
057 90 160.0 362 255.51 131 097 134 120 09 007 15 2.77 15 +1.38 +2.01 05 1 19 1.19 0.57 15 09 +1.38 +2.01 02 22 0.35 0.17 07 -0.86 -0.77
057 90 180.0 346 252.84 133 099 114 104 09 002 15 2.78 15 +1.40 +2.04 05 1 19 1.20 0.55 15 09 +1.40 +2.04 02 22 0.36 0.17 04 -0.94 -0.90
057 90 200.0 344 254.68 133 099 112 100 11 000 15 2.81 15 +1.42 +2.13 05 1 19 1.28 0.56 15 11 +1.42 +2.13 02 22 0.37 0.16 03 -0.98 -0.96
058 90 020.0 206 150.97 077 050 079 050 00 049 11 2.68 10 +0.27 +0.09 10 0 08 0.12 0.24 04 00 -0.46 -0.54 12 10 0.29 0.58 05 -0.54 -0.54
058 90 040.0 273 189.10 084 068 121 085 00 049 11 2.68 10 +0.47 +0.39 10 0 16 0.28 0.38 06 00 -0.05 -0.03 02 14 0.20 0.26 08 -0.25 -0.27
058 90 060.0 286 193.54 083 070 133 110 01 039 11 2.77 10 +0.86 +1.02 10 1 21 0.51 0.60 10 01 +0.83 +0.99 02 10 0.09 0.11 07 -0.62 -0.52
058 90 080.0 288 196.25 086 080 122 104 02 035 11 2.81 11 +1.15 +1.56 10 1 26 0.71 0.62 11 02 +1.15 +1.56 05 05 0.08 0.07 04 -0.85 -0.77
058 90 099.9 266 198.14 089 081 096 091 02 008 11 2.88 11 +1.24 +1.63 10 1 26 0.79 0.59 11 02 +1.24 +1.63 05 05 0.09 0.07 04 -0.80 -0.74
058 90 120.0 264 201.56 094 087 083 074 05 007 11 2.91 11 +1.39 +2.03 10 1 26 0.89 0.59 11 05 +1.39 +2.03 05 07 0.13 0.08 03 -0.93 -0.88
058 90 140.0 261 199.80 095 087 079 072 06 002 11 2.95 11 +1.43 +2.12 10 1 26 0.93 0.60 11 06 +1.43 +2.12 05 07 0.13 0.09 03 -0.94 -0.90
058 90 160.0 260 199.63 095 087 078 071 06 000 11 2.95 11 +1.43 +2.13 10 1 26 0.93 0.60 11 06 +1.43 +2.13 05 07 0.13 0.09 02 -0.96 -0.94
058 90 180.0 259 198.93 098 087 074 066 07 000 11 2.95 11 +1.49 +2.28 10 1 26 0.95 0.60 11 07 +1.49 +2.28 05 07 0.14 0.09 02 -0.96 -0.94
058 90 200.0 257 198.02 098 087 072 063 08 000 11 2.97 11 +1.52 +2.37 10 1 26 0.97 0.60 11 08 +1.52 +2.37 05 07 0.14 0.09 02 -0.96 -0.94
059 90 020.0 197 137.49 094 047 056 031 00 042 09 3.18 08 +0.23 +0.09 07 0 06 0.09 0.15 05 00 -0.22 -0.33 02 14 0.22 0.35 04 -0.39 -0.48
059 90 040.0 262 178.39 098 056 108 076 00 055 09 3.17 09 +0.67 +0.47 02 0 22 0.53 0.59 09 00 +0.52 +0.35 07 06 0.09 0.09 05 -0.21 -0.30
059 90 060.0 267 174.79 101 052 114 098 00 027 09 3.19 09 +1.10 +1.26 02 0 22 0.65 0.74 09 00 +1.10 +1.26 12 09 0.20 0.22 06 -0.54 -0.42
059 90 080.0 235 164.45 100 050 085 083 01 001 09 3.23 09 +1.19 +1.48 02 0 22 0.73 0.75 09 01 +1.19 +1.48 12 09 0.23 0.23 03 -0.74 -0.70
059 90 099.9 228 168.57 103 052 073 069 04 000 09 3.32 09 +1.28 +1.82 02 1 22 0.94 0.76 09 04 +1.28 +1.82 07 01 0.01 0.01 01 -0.96 -0.93
059 90 120.0 231 172.13 106 058 067 058 06 007 09 3.32 09 +1.32 +1.96 02 1 22 1.02 0.75 09 06 +1.32 +1.96 12 10 0.28 0.21 01 -0.99 -0.97
059 90 140.0 228 170.15 106 058 064 058 06 000 09 3.32 09 +1.32 +1.96 02 1 22 1.02 0.75 09 06 +1.32 +1.96 12 10 0.28 0.21 01 -0.99 -0.97
059 90 160.0 228 170.15 106 058 064 058 06 000 09 3.32 09 +1.32 +1.96 02 1 22 1.02 0.75 09 06 +1.32 +1.96 12 10 0.28 0.21 01 -0.99 -0.97
059 90 180.0 225 168.37 106 058 061 054 07 000 09 3.32 09 +1.44 +2.21 02 1 22 1.04 0.75 09 07 +1.44 +2.21 12 10 0.28 0.20 01 -0.99 -0.97
059 90 200.0 228 170.38 109 058 061 053 08 000 09 3.32 09 +1.53 +2.42 02 1 22 1.10 0.76 09 08 +1.53 +2.42 12 10 0.28 0.20 01 -0.99 -0.97
060 90 020.0 251 193.33 094 073 084 060 00 085 15 2.70 15 +0.39 +0.19 01 0 23 0.48 0.47 13 00 +0.18 +0.03 12 12 0.41 0.40 07 -0.41 -0.48
060 90 040.0 292 228.36 095 073 124 099 00 065 15 2.74 15 +1.04 +1.18 01 0 23 0.78 0.60 14 00 +0.93 +1.08 12 15 0.41 0.32 09 -0.44 -0.40
060 90 060.0 311 240.48 097 070 144 114 01 039 15 2.79 15 +1.24 +1.61 01 1 23 0.95 0.71 15 01 +1.24 +1.61 12 10 0.27 0.20 07 -0.76 -0.66
060 90 080.0 288 239.30 102 074 112 087 08 013 15 2.89 15 +1.35 +1.93 01 1 23 1.17 0.70 15 08 +1.35 +1.93 02 09 0.09 0.05 04 -0.90 -0.84
060 90 099.9 276 233.10 103 074 099 084 10 004 15 2.90 15 +1.42 +2.11 01 1 23 1.21 0.70 15 10 +1.42 +2.11 02 09 0.09 0.05 03 -0.95 -0.92
060 90 120.0 270 232.16 104 074 092 079 11 001 15 2.91 15 +1.46 +2.20 01 1 23 1.24 0.70 15 11 +1.46 +2.20 12 10 0.34 0.19 03 -0.97 -0.95
060 90 140.0 273 233.06 108 074 091 078 12 000 15 2.91 15 +1.48 +2.28 01 1 23 1.26 0.70 15 12 +1.48 +2.28 12 10 0.34 0.19 03 -0.97 -0.95
060 90 160.0 273 234.05 108 075 090 075 13 001 15 2.91 15 +1.54 +2.42 01 1 23 1.31 0.71 15 13 +1.54 +2.42 12 10 0.34 0.19 03 -0.97 -0.95
060 90 180.0 270 231.92 109 075 086 071 14 000 15 2.91 15 +1.58 +2.52 01 1 23 1.35 0.72 15 14 +1.58 +2.52 12 10 0.34 0.18 03 -0.97 -0.95
060 90 200.0 270 231.80 109 075 086 071 14 000 15 2.91 15 +1.58 +2.52 01 1 23 1.35 0.72 15 14 +1.58 +2.52 12 10 0.34 0.18 03 -0.97 -0.95
