051 99 020.0 287 187.23 095 101 091 063 00 094 11 2.64 09 +0.06 -0.09 06 0 07 0.12 0.09 04 00 -0.55 -0.60 02 22 0.43 0.33 08 -0.14 -0.23
051 99 040.0 325 209.12 092 100 133 097 00 079 11 2.66 10 +0.61 +0.54 02 0 22 0.54 0.38 10 00 +0.39 +0.37 01 14 0.20 0.14 10 -0.20 -0.12
051 99 060.0 346 217.75 095 096 155 110 00 066 11 2.72 11 +1.09 +1.27 02 0 22 0.77 0.51 11 00 +1.09 +1.27 01 13 0.16 0.11 08 -0.57 -0.42
051 99 080.0 293 203.41 097 094 102 088 04 018 11 2.85 11 +1.35 +1.92 02 1 22 1.02 0.57 11 04 +1.35 +1.92 01 13 0.18 0.10 06 -0.75 -0.66
051 99 099.9 272 204.08 101 097 074 064 07 007 11 2.94 11 +1.42 +2.11 02 1 22 1.15 0.57 11 07 +1.42 +2.11 01 14 0.21 0.11 04 -0.89 -0.82
051 99 120.0 269 201.46 101 098 070 062 07 000 11 2.95 11 +1.44 +2.15 02 1 22 1.15 0.56 11 07 +1.44 +2.15 01 14 0.22 0.11 04 -0.89 -0.81
051 99 140.0 268 202.60 102 099 067 058 07 005 11 2.96 11 +1.44 +2.15 02 1 22 1.15 0.56 11 07 +1.44 +2.15 01 14 0.22 0.11 02 -0.96 -0.93
051 99 160.0 267 201.22 102 098 067 059 07 000 11 2.96 11 +1.44 +2.15 02 1 22 1.15 0.56 11 07 +1.44 +2.15 01 14 0.22 0.11 02 -0.96 -0.93
051 99 180.0 267 201.48 102 099 066 058 07 000 11 2.96 11 +1.44 +2.16 02 1 22 1.15 0.56 11 07 +1.44 +2.16 01 14 0.22 0.11 02 -0.96 -0.93
051 99 200.0 267 201.49 102 099 066 058 07 000 11 2.96 11 +1.44 +2.16 02 1 22 1.15 0.56 11 07 +1.44 +2.16 01 14 0.22 0.11 02 -0.96 -0.93
052 99 020.0 292 203.49 095 103 094 064 00 079 13 2.56 10 +0.07 -0.10 06 0 08 0.14 0.11 04 00 -0.61 -0.66 03 15 0.26 0.20 06 -0.44 -0.51
052 99 040.0 329 223.52 095 102 132 097 00 070 13 2.56 12 +0.53 +0.35 03 0 16 0.34 0.25 09 00 +0.03 -0.06 01 14 0.19 0.14 08 -0.41 -0.38
052 99 060.0 374 247.41 099 104 171 123 00 066 13 2.58 13 +0.96 +1.09 03 0 22 0.66 0.45 11 00 +0.67 +0.83 01 13 0.17 0.12 09 -0.48 -0.41
052 99 080.0 351 234.23 101 104 146 122 04 036 13 2.69 13 +1.19 +1.60 03 1 22 0.94 0.54 11 04 +0.97 +1.40 01 13 0.16 0.09 07 -0.71 -0.59
052 99 099.9 315 224.08 106 107 102 092 04 009 13 2.74 13 +1.21 +1.65 03 1 22 1.00 0.51 11 04 +0.98 +1.46 12 07 0.16 0.08 05 -0.83 -0.76
052 99 120.0 301 226.64 108 108 085 074 07 004 13 2.81 13 +1.32 +1.86 03 1 22 1.13 0.52 11 07 +1.05 +1.62 12 07 0.17 0.08 04 -0.86 -0.80
052 99 140.0 312 231.49 108 109 095 080 07 004 13 2.81 13 +1.34 +1.91 03 1 22 1.13 0.52 11 07 +1.06 +1.65 12 07 0.17 0.08 04 -0.87 -0.81
052 99 160.0 302 225.53 108 109 085 075 08 002 13 2.81 13 +1.28 +1.87 03 1 22 1.16 0.53 11 08 +1.08 +1.70 12 07 0.17 0.08 04 -0.81 -0.78
052 99 180.0 298 223.65 108 109 081 073 08 000 13 2.81 13 +1.34 +2.01 03 1 22 1.16 0.53 11 08 +1.12 +1.82 12 07 0.17 0.08 04 -0.82 -0.79
052 99 200.0 298 223.64 108 109 081 073 08 000 13 2.81 13 +1.35 +2.01 03 1 22 1.16 0.53 11 08 +1.12 +1.82 12 07 0.17 0.08 04 -0.83 -0.79
053 99 020.0 241 165.54 084 075 082 058 00 065 11 2.60 10 +0.20 +0.05 01 0 14 0.28 0.29 07 00 -0.18 -0.27 05 11 0.21 0.22 06 -0.40 -0.43
053 99 040.0 276 185.63 084 079 113 084 00 060 11 2.63 10 +0.80 +0.86 01 0 21 0.55 0.49 10 00 +0.74 +0.82 05 11 0.20 0.18 07 -0.33 -0.33
053 99 060.0 285 196.26 089 080 116 104 01 023 11 2.72 11 +1.27 +1.66 01 1 21 0.74 0.57 11 01 +1.27 +1.66 05 11 0.17 0.13 07 -0.64 -0.48
053 99 080.0 248 190.15 092 084 072 064 05 010 11 2.84 11 +1.35 +1.93 01 1 21 0.97 0.57 11 05 +1.35 +1.93 03 02 0.02 0.01 01 -0.87 -0.89
053 99 099.9 244 191.38 094 084 066 058 07 000 11 2.90 11 +1.42 +2.12 01 1 21 1.03 0.58 11 07 +1.42 +2.12 08 06 0.09 0.05 02 -0.95 -0.91
053 99 120.0 241 190.70 094 084 063 055 07 000 11 2.91 11 +1.43 +2.13 01 1 21 1.03 0.58 11 07 +1.43 +2.13 08 06 0.09 0.05 02 -0.95 -0.92
053 99 140.0 240 190.43 094 084 062 054 07 000 11 2.91 11 +1.43 +2.13 01 1 21 1.03 0.58 11 07 +1.43 +2.13 05 11 0.22 0.12 02 -0.97 -0.95
053 99 160.0 240 190.43 094 084 062 054 07 000 11 2.91 11 +1.43 +2.13 01 1 21 1.03 0.58 11 07 +1.43 +2.13 05 11 0.22 0.12 02 -0.97 -0.95
053 99 180.0 240 190.43 094 084 062 054 07 000 11 2.91 11 +1.43 +2.13 01 1 21 1.03 0.58 11 07 +1.43 +2.13 05 11 0.22 0.12 02 -0.97 -0.95
053 99 200.0 239 190.40 094 084 061 052 08 000 11 2.92 11 +1.47 +2.25 01 1 21 1.05 0.58 11 08 +1.47 +2.25 05 11 0.22 0.12 02 -0.97 -0.95
054 99 020.0 238 174.66 086 068 084 054 00 069 11 3.04 10 +0.35 +0.16 01 0 14 0.28 0.32 08 00 +0.00 -0.12 05 12 0.24 0.27 07 -0.27 -0.31
054 99 040.0 302 216.28 092 077 133 095 00 068 11 3.07 11 +1.06 +1.20 01 0 21 0.62 0.53 11 00 +0.97 +1.13 05 12 0.22 0.19 08 -0.32 -0.26
054 99 060.0 292 209.23 093 076 123 093 02 053 11 3.14 11 +1.33 +1.84 01 1 21 0.82 0.61 11 02 +1.33 +1.84 05 11 0.17 0.13 07 -0.68 -0.55
054 99 080.0 274 206.26 096 082 096 082 05 017 11 3.19 11 +1.35 +1.96 01 1 21 0.93 0.58 11 05 +1.35 +1.96 06 08 0.13 0.08 03 -0.78 -0.76
054 99 099.9 266 204.25 098 085 083 072 07 007 11 3.21 11 +1.42 +2.13 01 1 21 0.97 0.56 11 07 +1.42 +2.13 06 09 0.15 0.09 02 -0.81 -0.81
054 99 120.0 257 202.29 100 085 072 063 08 001 11 3.22 11 +1.47 +2.26 01 1 21 1.01 0.57 11 08 +1.47 +2.26 06 09 0.15 0.09 02 -0.82 -0.82
054 99 140.0 256 201.73 100 085 071 063 08 000 11 3.22 11 +1.48 +2.27 01 1 21 1.01 0.57 11 08 +1.48 +2.27 06 09 0.16 0.09 01 -0.84 -0.86
054 99 160.0 256 202.12 100 086 070 061 09 000 11 3.22 11 +1.51 +2.37 01 1 21 1.03 0.57 11 09 +1.51 +2.37 06 10 0.17 0.09 01 -0.84 -0.86
054 99 180.0 256 202.12 100 086 070 061 09 000 11 3.22 11 +1.51 +2.37 01 1 21 1.03 0.57 11 09 +1.51 +2.37 06 10 0.17 0.09 01 -0.84 -0.86
054 99 200.0 256 202.25 100 086 070 060 10 000 11 3.22 11 +1.59 +2.56 01 1 21 1.08 0.58 11 10 +1.59 +2.56 06 10 0.17 0.09 01 -0.84 -0.86
055 99 020.0 247 170.51 085 081 081 058 00 075 11 2.60 10 +0.29 +0.11 05 0 17 0.39 0.35 08 00 -0.01 -0.13 01 14 0.26 0.24 07 -0.22 -0.30
055 99 040.0 289 196.38 085 079 125 089 00 062 11 2.65 11 +0.96 +1.08 05 0 17 0.55 0.44 09 00 +0.59 +0.70 01 14 0.29 0.23 10 +0.00 +0.08
055 99 060.0 269 191.06 087 080 102 091 01 015 11 2.73 11 +1.21 +1.52 05 0 19 0.72 0.51 09 01 +0.84 +1.13 01 14 0.29 0.20 09 -0.08 -0.01
055 99 080.0 242 183.65 090 084 068 062 05 007 11 2.84 11 +1.23 +1.71 05 1 19 0.91 0.55 09 05 +0.95 +1.45 01 14 0.25 0.15 06 -0.55 -0.47
055 99 099.9 247 188.58 093 087 067 055 07 008 11 2.88 11 +1.34 +1.98 05 1 19 0.96 0.55 09 07 +1.04 +1.72 03 05 0.04 0.02 04 -0.76 -0.72
055 99 120.0 249 189.29 093 089 067 056 07 001 11 2.88 11 +1.38 +2.03 05 1 19 0.96 0.54 09 07 +1.04 +1.72 03 07 0.06 0.03 05 -0.77 -0.69
055 99 140.0 245 184.89 093 089 063 054 07 001 11 2.88 11 +1.30 +1.95 05 1 19 0.96 0.54 09 07 +1.04 +1.72 03 07 0.06 0.04 03 -0.79 -0.79
055 99 160.0 245 185.70 093 089 063 054 07 000 11 2.88 11 +1.30 +1.94 05 1 19 0.96 0.54 09 07 +1.04 +1.72 03 07 0.09 0.05 03 -0.74 -0.77
055 99 180.0 250 189.40 094 091 065 056 07 000 11 2.88 11 +1.30 +1.94 05 1 19 0.96 0.53 09 07 +1.04 +1.72 03 07 0.10 0.06 03 -0.72 -0.75
055 99 200.0 256 193.45 094 096 066 056 07 007 11 2.88 11 +1.37 +2.02 05 1 19 0.96 0.51 09 07 +1.04 +1.72 03 12 0.19 0.09 03 -0.66 -0.67
056 99 020.0 247 194.63 084 070 093 065 00 081 13 2.84 13 +0.56 +0.38 05 0 17 0.46 0.50 11 00 +0.23 +0.12 04 10 0.20 0.21 06 -0.50 -0.53
056 99 040.0 295 221.68 084 072 139 099 00 072 13 2.88 13 +1.08 +1.24 05 0 19 0.70 0.63 11 00 +0.80 +0.98 06 07 0.12 0.11 05 -0.60 -0.58
056 99 060.0 297 219.90 085 072 140 099 01 050 13 2.89 13 +1.18 +1.45 05 0 19 0.80 0.65 11 01 +0.90 +1.19 06 07 0.13 0.10 06 -0.58 -0.53
056 99 080.0 276 217.22 088 073 115 087 06 041 13 2.95 13 +1.34 +1.90 05 1 19 1.08 0.68 13 06 +1.29 +1.87 06 08 0.15 0.09 06 -0.66 -0.58
056 99 099.9 265 214.54 093 076 096 082 08 008 13 2.97 13 +1.40 +2.06 05 1 19 1.18 0.69 13 08 +1.40 +2.06 06 08 0.15 0.09 05 -0.74 -0.69
056 99 120.0 265 211.68 093 076 096 085 08 003 13 2.98 13 +1.40 +2.06 05 1 19 1.18 0.69 13 08 +1.40 +2.06 06 08 0.15 0.09 05 -0.74 -0.69
056 99 140.0 257 213.61 093 077 087 076 09 002 13 2.99 13 +1.47 +2.23 05 1 19 1.21 0.69 13 09 +1.47 +2.23 06 08 0.16 0.09 05 -0.74 -0.70
056 99 160.0 259 211.62 093 079 087 074 10 001 13 2.99 13 +1.49 +2.31 05 1 19 1.23 0.68 13 10 +1.49 +2.31 06 09 0.17 0.09 05 -0.76 -0.72
056 99 180.0 257 210.11 093 079 085 074 10 001 13 2.99 13 +1.49 +2.31 05 1 19 1.23 0.68 13 10 +1.49 +2.31 06 09 0.17 0.09 06 -0.76 -0.71
056 99 200.0 256 211.04 096 079 081 069 12 001 13 3.01 13 +1.54 +2.44 05 1 19 1.30 0.69 13 12 +1.54 +2.44 06 09 0.17 0.09 05 -0.76 -0.72
057 99 020.0 289 210.79 104 091 094 068 00 095 15 2.63 14 +0.19 +0.04 05 0 17 0.38 0.31 08 00 -0.33 -0.41 06 09 0.18 0.15 06 -0.51 -0.56
057 99 040.0 341 243.68 106 094 141 107 00 083 15 2.63 15 +0.68 +0.55 05 0 17 0.54 0.40 11 00 +0.26 +0.21 01 11 0.14 0.10 08 -0.51 -0.48
057 99 060.0 385 260.88 108 097 180 131 00 089 15 2.64 15 +1.04 +1.22 05 0 19 0.72 0.49 11 00 +0.64 +0.88 01 12 0.18 0.12 09 -0.47 -0.42
057 99 080.0 367 257.06 113 102 152 107 04 055 15 2.70 15 +1.13 +1.40 05 1 19 0.92 0.51 11 04 +0.69 +1.02 01 14 0.22 0.12 08 -0.52 -0.47
057 99 099.9 352 254.93 118 106 128 103 09 020 15 2.74 15 +1.28 +1.85 05 1 19 1.16 0.54 13 09 +1.06 +1.66 01 14 0.23 0.11 07 -0.64 -0.61
057 99 120.0 338 247.19 118 106 114 103 09 010 15 2.75 15 +1.38 +2.02 05 1 19 1.20 0.57 14 09 +1.27 +1.93 01 14 0.18 0.09 06 -0.81 -0.72
057 99 140.0 327 239.83 119 106 102 092 10 000 15 2.77 15 +1.49 +2.28 05 1 19 1.26 0.57 15 10 +1.49 +2.28 03 09 0.10 0.05 03 -0.92 -0.88
057 99 160.0 316 239.15 124 106 086 074 12 000 15 2.81 15 +1.50 +2.33 05 1 19 1.34 0.58 15 12 +1.50 +2.33 06 09 0.17 0.07 01 -0.99 -0.97
057 99 180.0 317 241.00 126 106 085 072 13 000 15 2.83 15 +1.52 +2.38 05 1 19 1.39 0.59 15 13 +1.52 +2.38 06 09 0.17 0.07 01 -0.99 -0.97
057 99 200.0 316 240.66 126 106 084 071 13 000 15 2.83 15 +1.53 +2.38 05 1 19 1.39 0.59 15 13 +1.53 +2.38 06 09 0.17 0.07 01 -0.99 -0.97
058 99 020.0 194 146.85 071 050 073 048 00 044 11 2.69 10 +0.27 +0.12 10 0 08 0.12 0.24 04 00 -0.53 -0.59 01 06 0.06 0.12 05 -0.39 -0.45
058 99 040.0 237 169.75 073 055 109 079 00 030 11 2.68 10 +0.42 +0.28 10 0 09 0.16 0.27 05 00 -0.30 -0.37 01 11 0.11 0.20 08 -0.27 -0.24
058 99 060.0 206 152.97 069 050 087 074 00 022 11 2.71 10 +0.66 +0.67 10 0 16 0.32 0.54 10 00 +0.48 +0.51 09 08 0.21 0.35 06 -0.57 -0.50
058 99 080.0 225 170.93 076 066 083 073 01 026 11 2.81 10 +0.93 +1.14 10 1 24 0.58 0.66 10 01 +0.93 +1.14 09 08 0.20 0.22 04 -0.83 -0.74
058 99 099.9 288 207.11 083 082 123 088 02 058 11 2.83 11 +1.17 +1.46 10 1 26 0.74 0.58 11 02 +1.17 +1.46 05 10 0.15 0.12 06 -0.55 -0.48
058 99 120.0 281 203.74 087 085 109 088 02 022 11 2.86 11 +1.16 +1.45 10 1 26 0.78 0.58 11 02 +1.16 +1.45 05 10 0.15 0.11 08 -0.76 -0.62
058 99 140.0 287 219.42 093 098 096 071 05 029 11 2.93 11 +1.25 +1.68 10 1 26 0.88 0.54 11 05 +1.25 +1.68 06 07 0.11 0.07 02 -0.89 -0.86
058 99 160.0 306 216.72 095 101 110 088 05 022 11 2.93 11 +1.27 +1.74 10 1 26 0.88 0.53 11 05 +1.27 +1.74 06 07 0.09 0.06 03 -0.92 -0.87
058 99 180.0 287 209.88 095 101 091 080 05 005 11 2.94 11 +1.28 +1.76 10 1 26 0.88 0.53 11 05 +1.28 +1.76 01 08 0.07 0.04 04 -0.87 -0.82
058 99 200.0 276 207.13 095 101 080 072 06 000 11 2.95 11 +1.30 +1.82 10 1 26 0.92 0.53 11 06 +1.30 +1.82 05 11 0.22 0.13 01 -0.98 -0.96
059 99 020.0 241 164.10 091 073 077 040 00 069 09 3.16 08 +0.31 +0.13 10 0 09 0.14 0.17 05 00 -0.24 -0.35 04 10 0.22 0.27 05 -0.33 -0.40
059 99 040.0 292 185.78 090 083 119 079 00 068 09 3.16 08 +0.76 +0.84 10 0 13 0.26 0.25 06 00 +0.31 +0.45 01 11 0.18 0.18 04 -0.37 -0.39
059 99 060.0 305 187.75 090 089 126 100 00 053 09 3.18 09 +1.01 +1.17 10 0 20 0.36 0.34 07 00 +0.69 +0.89 01 11 0.16 0.15 06 -0.32 -0.31
059 99 080.0 302 199.74 093 095 114 086 04 047 09 3.28 09 +1.31 +1.84 10 1 25 0.70 0.49 09 04 +1.31 +1.84 01 10 0.11 0.08 03 -0.73 -0.70
059 99 099.9 300 204.49 101 097 102 077 05 032 09 3.31 09 +1.42 +2.11 10 1 26 0.78 0.49 09 05 +1.42 +2.11 01 07 0.07 0.04 03 -0.88 -0.82
059 99 120.0 282 195.39 103 097 082 072 06 005 09 3.33 09 +1.44 +2.20 10 1 26 0.83 0.49 09 06 +1.44 +2.20 05 11 0.22 0.13 02 -0.91 -0.87
059 99 140.0 279 195.88 104 101 074 066 07 004 09 3.34 09 +1.47 +2.27 10 1 26 0.87 0.50 09 07 +1.47 +2.27 05 12 0.24 0.14 01 -0.99 -0.97
059 99 160.0 277 194.31 104 101 072 065 07 001 09 3.34 09 +1.46 +2.27 10 1 26 0.87 0.49 09 07 +1.46 +2.27 05 12 0.24 0.14 01 -0.99 -0.97
059 99 180.0 277 194.29 104 101 072 065 07 000 09 3.34 09 +1.46 +2.27 10 1 26 0.87 0.49 09 07 +1.46 +2.27 05 12 0.24 0.14 01 -0.99 -0.97
059 99 200.0 277 194.29 104 101 072 065 07 000 09 3.34 09 +1.46 +2.27 10 1 26 0.87 0.49 09 07 +1.46 +2.27 05 12 0.24 0.14 01 -0.99 -0.97
060 99 020.0 270 202.19 097 081 092 065 00 081 15 2.68 14 +0.23 +0.06 01 0 14 0.28 0.28 09 00 -0.25 -0.34 04 10 0.21 0.22 07 -0.45 -0.51
060 99 040.0 307 226.66 094 084 129 097 00 071 15 2.70 14 +0.63 +0.52 01 0 17 0.40 0.35 10 00 +0.09 +0.04 04 10 0.29 0.26 08 -0.22 -0.31
060 99 060.0 351 256.86 093 089 169 129 00 070 15 2.71 15 +0.94 +0.95 01 0 21 0.62 0.45 12 00 +0.49 +0.51 04 12 0.33 0.24 08 -0.19 -0.26
060 99 080.0 325 243.51 096 088 141 116 04 025 15 2.78 15 +1.04 +1.32 01 0 21 0.85 0.56 13 04 +0.89 +1.16 04 10 0.18 0.12 09 -0.53 -0.46
060 99 099.9 318 243.32 102 091 125 108 05 011 15 2.83 15 +1.20 +1.60 01 1 21 0.99 0.58 15 05 +1.20 +1.60 05 11 0.23 0.14 03 -0.79 -0.77
060 99 120.0 312 242.32 103 091 118 104 06 006 15 2.85 15 +1.25 +1.68 01 1 21 1.04 0.59 15 06 +1.25 +1.68 05 11 0.23 0.13 03 -0.80 -0.78
060 99 140.0 304 237.96 103 092 109 098 07 000 15 2.85 15 +1.27 +1.74 01 1 21 1.06 0.59 15 07 +1.27 +1.74 05 12 0.25 0.14 02 -0.84 -0.84
060 99 160.0 307 245.88 104 096 107 089 09 008 15 2.87 15 +1.35 +1.92 01 1 21 1.13 0.58 15 09 +1.35 +1.92 05 12 0.27 0.14 01 -0.88 -0.89
060 99 180.0 301 243.64 109 095 097 083 12 000 15 2.90 15 +1.47 +2.25 01 1 21 1.26 0.60 15 12 +1.47 +2.25 05 12 0.27 0.13 01 -0.88 -0.89
060 99 200.0 301 243.55 109 095 097 083 12 000 15 2.90 15 +1.48 +2.26 01 1 21 1.26 0.60 15 12 +1.48 +2.26 05 12 0.27 0.13 01 -0.88 -0.89
