051 97 020.0 255 170.99 088 082 085 060 00 084 11 2.66 09 +0.14 -0.03 02 0 14 0.30 0.29 08 00 -0.07 -0.15 01 09 0.09 0.09 06 -0.42 -0.45
051 97 040.0 299 196.69 092 087 120 084 00 070 11 2.67 10 +0.58 +0.66 02 0 22 0.58 0.49 08 00 +0.43 +0.51 08 10 0.15 0.13 07 -0.38 -0.37
051 97 060.0 313 203.28 095 084 134 106 00 045 11 2.74 11 +1.09 +1.29 02 0 22 0.77 0.59 11 00 +1.09 +1.29 08 09 0.11 0.08 07 -0.60 -0.46
051 97 080.0 284 196.69 099 085 100 087 04 018 11 2.86 11 +1.35 +1.92 02 1 22 1.02 0.63 11 04 +1.35 +1.92 08 09 0.12 0.08 05 -0.73 -0.67
051 97 099.9 265 195.62 101 087 077 066 07 005 11 2.94 11 +1.40 +2.05 02 1 22 1.12 0.63 11 07 +1.40 +2.05 08 10 0.15 0.08 03 -0.86 -0.84
051 97 120.0 263 196.14 101 087 075 067 07 000 11 2.96 11 +1.44 +2.15 02 1 22 1.14 0.63 11 07 +1.44 +2.15 08 10 0.15 0.08 03 -0.86 -0.85
051 97 140.0 263 196.07 101 087 075 067 07 000 11 2.96 11 +1.44 +2.15 02 1 22 1.14 0.63 11 07 +1.44 +2.15 08 10 0.15 0.08 03 -0.86 -0.85
051 97 160.0 263 196.06 101 087 075 067 07 000 11 2.96 11 +1.44 +2.15 02 1 22 1.14 0.63 11 07 +1.44 +2.15 08 10 0.15 0.08 03 -0.86 -0.85
051 97 180.0 263 196.06 101 087 075 067 07 000 11 2.96 11 +1.44 +2.15 02 1 22 1.14 0.63 11 07 +1.44 +2.15 08 10 0.15 0.08 03 -0.86 -0.85
051 97 200.0 263 196.06 101 087 075 067 07 000 11 2.96 11 +1.44 +2.15 02 1 22 1.14 0.63 11 07 +1.44 +2.15 08 10 0.15 0.08 03 -0.86 -0.85
052 97 020.0 244 176.27 085 070 089 056 00 064 13 2.58 12 +0.29 +0.11 11 0 10 0.33 0.43 06 00 -0.31 -0.40 08 10 0.14 0.19 05 -0.59 -0.61
052 97 040.0 280 197.47 086 069 125 086 00 035 13 2.59 12 +0.61 +0.56 11 0 11 0.46 0.55 08 00 +0.15 +0.17 08 10 0.13 0.15 06 -0.58 -0.55
052 97 060.0 272 192.34 090 074 108 097 00 017 13 2.65 13 +0.95 +0.99 11 0 15 0.66 0.64 09 00 +0.44 +0.55 08 10 0.13 0.12 06 -0.62 -0.57
052 97 080.0 257 191.08 092 076 089 082 04 004 13 2.75 13 +1.20 +1.56 11 1 15 0.92 0.70 09 04 +0.66 +1.09 03 06 0.05 0.04 04 -0.76 -0.73
052 97 099.9 246 190.72 092 076 078 071 06 000 13 2.80 13 +1.20 +1.63 11 1 15 1.01 0.71 09 06 +0.69 +1.17 03 06 0.06 0.04 03 -0.77 -0.77
052 97 120.0 247 191.81 094 076 077 069 07 000 13 2.82 13 +1.17 +1.64 11 1 15 1.05 0.71 09 07 +0.72 +1.26 03 06 0.08 0.05 03 -0.71 -0.74
052 97 140.0 245 192.62 095 076 074 066 07 000 13 2.83 13 +1.23 +1.71 11 1 15 1.05 0.68 09 07 +0.72 +1.26 03 06 0.11 0.07 03 -0.64 -0.67
052 97 160.0 250 194.74 095 080 075 065 08 001 13 2.83 13 +1.26 +1.78 11 1 15 1.06 0.66 09 08 +0.74 +1.32 08 11 0.22 0.14 04 -0.64 -0.63
052 97 180.0 245 191.41 094 076 075 065 08 000 13 2.83 13 +1.23 +1.76 11 1 15 1.06 0.70 09 08 +0.75 +1.35 03 06 0.07 0.05 03 -0.81 -0.82
052 97 200.0 250 194.23 095 080 075 064 08 005 13 2.84 13 +1.27 +1.81 11 1 15 1.06 0.69 09 08 +0.75 +1.35 08 10 0.15 0.10 04 -0.82 -0.80
053 97 020.0 222 154.53 080 064 078 055 00 069 11 2.61 10 +0.27 +0.14 01 0 14 0.29 0.43 08 00 -0.00 -0.08 08 10 0.16 0.24 06 -0.37 -0.43
053 97 040.0 264 184.21 082 070 112 079 00 056 11 2.66 11 +1.06 +1.31 01 0 21 0.63 0.66 11 00 +1.06 +1.31 08 10 0.13 0.13 07 -0.55 -0.43
053 97 060.0 253 182.64 089 071 093 085 02 008 11 2.79 11 +1.34 +1.84 01 1 21 0.83 0.71 11 02 +1.34 +1.84 08 09 0.12 0.09 06 -0.74 -0.62
053 97 080.0 234 180.06 091 074 069 062 05 003 11 2.85 11 +1.35 +1.94 01 1 21 0.95 0.69 11 05 +1.35 +1.94 03 03 0.02 0.02 01 -0.94 -0.92
053 97 099.9 231 182.00 093 074 064 057 07 000 11 2.91 11 +1.43 +2.13 01 1 21 1.02 0.70 11 07 +1.43 +2.13 03 03 0.02 0.02 01 -0.96 -0.94
053 97 120.0 230 181.67 093 074 063 056 07 000 11 2.91 11 +1.43 +2.13 01 1 21 1.02 0.70 11 07 +1.43 +2.13 08 10 0.15 0.11 02 -0.97 -0.94
053 97 140.0 230 181.66 093 074 063 056 07 000 11 2.91 11 +1.43 +2.13 01 1 21 1.02 0.70 11 07 +1.43 +2.13 08 10 0.15 0.11 02 -0.97 -0.94
053 97 160.0 230 181.66 093 074 063 056 07 000 11 2.91 11 +1.43 +2.13 01 1 21 1.02 0.70 11 07 +1.43 +2.13 08 10 0.15 0.11 02 -0.97 -0.94
053 97 180.0 231 182.17 095 074 062 054 08 000 11 2.91 11 +1.50 +2.32 01 1 21 1.05 0.71 11 08 +1.50 +2.32 08 10 0.15 0.10 02 -0.97 -0.94
053 97 200.0 230 181.60 095 074 061 051 10 000 11 2.91 11 +1.60 +2.57 01 1 21 1.07 0.71 11 10 +1.60 +2.57 08 10 0.15 0.10 02 -0.97 -0.94
054 97 020.0 219 161.06 085 055 079 049 00 070 11 3.04 10 +0.29 +0.09 01 0 14 0.26 0.47 08 00 -0.03 -0.15 08 10 0.14 0.25 06 -0.38 -0.44
054 97 040.0 264 192.06 086 062 116 083 00 053 11 3.06 11 +0.94 +1.05 01 0 21 0.56 0.64 11 00 +0.92 +1.04 08 10 0.16 0.18 08 -0.33 -0.28
054 97 060.0 258 192.24 094 064 100 088 01 022 11 3.15 11 +1.29 +1.73 01 1 21 0.78 0.73 11 01 +1.29 +1.73 08 09 0.12 0.11 07 -0.67 -0.52
054 97 080.0 249 193.57 095 064 090 081 05 008 11 3.19 11 +1.34 +1.94 01 1 21 0.91 0.74 11 05 +1.34 +1.94 08 09 0.13 0.11 03 -0.89 -0.83
054 97 099.9 244 192.82 096 067 081 074 07 001 11 3.21 11 +1.39 +2.07 01 1 21 0.97 0.73 11 07 +1.39 +2.07 08 10 0.16 0.12 02 -0.97 -0.94
054 97 120.0 241 192.22 098 067 076 068 08 000 11 3.22 11 +1.44 +2.18 01 1 21 0.99 0.74 11 08 +1.44 +2.18 08 10 0.16 0.12 02 -0.97 -0.94
054 97 140.0 241 191.79 098 067 076 068 08 000 11 3.22 11 +1.47 +2.26 01 1 21 0.99 0.73 11 08 +1.47 +2.26 08 10 0.16 0.12 02 -0.97 -0.94
054 97 160.0 242 193.41 098 069 075 065 09 001 11 3.22 11 +1.50 +2.35 01 1 21 1.02 0.73 11 09 +1.50 +2.35 08 10 0.16 0.11 02 -0.97 -0.94
054 97 180.0 241 192.23 098 069 074 065 09 000 11 3.22 11 +1.50 +2.35 01 1 21 1.02 0.73 11 09 +1.50 +2.35 08 10 0.16 0.11 02 -0.97 -0.94
054 97 200.0 241 192.23 098 069 074 065 09 000 11 3.22 11 +1.50 +2.35 01 1 21 1.02 0.73 11 09 +1.50 +2.35 08 10 0.16 0.11 02 -0.97 -0.94
055 97 020.0 231 155.01 083 069 079 053 00 071 11 2.60 10 +0.19 +0.04 01 0 14 0.26 0.39 07 00 -0.20 -0.28 08 08 0.11 0.16 05 -0.49 -0.53
055 97 040.0 276 184.24 085 075 116 085 00 057 11 2.64 10 +0.83 +0.94 01 0 21 0.58 0.61 10 00 +0.83 +0.94 08 08 0.10 0.11 07 -0.50 -0.41
055 97 060.0 270 185.93 091 076 103 098 02 011 11 2.78 11 +1.32 +1.79 01 1 21 0.81 0.68 11 02 +1.32 +1.79 08 08 0.09 0.08 06 -0.75 -0.63
055 97 080.0 240 184.14 092 080 068 060 05 006 11 2.84 11 +1.35 +1.93 01 1 21 0.95 0.66 11 05 +1.35 +1.93 08 10 0.14 0.09 03 -0.89 -0.85
055 97 099.9 238 184.61 094 080 064 057 07 000 11 2.91 11 +1.42 +2.12 01 1 21 1.02 0.68 11 07 +1.42 +2.12 08 10 0.14 0.09 04 -0.91 -0.85
055 97 120.0 235 184.01 094 080 061 054 07 000 11 2.91 11 +1.43 +2.13 01 1 21 1.02 0.67 11 07 +1.43 +2.13 08 10 0.14 0.09 02 -0.97 -0.95
055 97 140.0 235 184.00 094 080 061 054 07 000 11 2.91 11 +1.43 +2.13 01 1 21 1.02 0.67 11 07 +1.43 +2.13 08 10 0.14 0.09 02 -0.97 -0.95
055 97 160.0 235 184.00 094 080 061 054 07 000 11 2.91 11 +1.43 +2.13 01 1 21 1.02 0.67 11 07 +1.43 +2.13 08 10 0.14 0.09 02 -0.97 -0.95
055 97 180.0 235 184.00 094 080 061 054 07 000 11 2.91 11 +1.43 +2.13 01 1 21 1.02 0.67 11 07 +1.43 +2.13 08 10 0.14 0.09 02 -0.97 -0.95
055 97 200.0 235 184.30 096 080 059 050 09 000 11 2.93 11 +1.55 +2.44 01 1 21 1.06 0.68 11 09 +1.55 +2.44 08 10 0.14 0.09 02 -0.97 -0.95
056 97 020.0 233 178.11 086 064 083 056 00 074 13 2.84 11 +0.28 +0.12 08 0 10 0.22 0.31 06 00 -0.28 -0.34 11 09 0.23 0.31 04 -0.58 -0.64
056 97 040.0 290 215.51 085 076 129 096 00 073 13 2.86 13 +0.85 +0.81 08 0 17 0.44 0.40 09 00 +0.33 +0.35 11 13 0.40 0.37 08 -0.13 -0.20
056 97 060.0 305 223.27 090 075 140 114 01 048 13 2.87 13 +1.01 +1.11 08 0 19 0.62 0.53 11 01 +0.73 +0.84 11 12 0.35 0.29 09 -0.11 -0.17
056 97 080.0 277 208.37 094 072 111 092 05 025 13 2.93 13 +1.19 +1.67 08 1 19 0.90 0.67 12 05 +1.08 +1.59 11 09 0.19 0.14 06 -0.73 -0.66
056 97 099.9 253 205.76 095 070 088 076 06 005 13 2.98 13 +1.35 +1.90 08 1 19 0.99 0.73 13 06 +1.35 +1.90 11 05 0.07 0.05 02 -0.94 -0.92
056 97 120.0 247 201.17 096 070 081 073 07 003 13 2.99 13 +1.35 +1.93 08 1 19 1.05 0.74 13 07 +1.35 +1.93 09 01 0.01 0.01 01 -0.96 -0.94
056 97 140.0 246 200.66 096 070 080 073 07 000 13 2.99 13 +1.33 +1.89 08 1 19 1.05 0.74 13 07 +1.33 +1.89 09 01 0.01 0.01 01 -0.96 -0.94
056 97 160.0 245 200.57 096 070 079 072 07 000 13 2.99 13 +1.33 +1.89 08 1 19 1.05 0.74 13 07 +1.33 +1.89 09 01 0.01 0.01 01 -0.96 -0.94
056 97 180.0 245 200.59 096 070 079 072 07 000 13 2.99 13 +1.33 +1.88 08 1 19 1.05 0.74 13 07 +1.33 +1.88 09 01 0.01 0.01 01 -0.96 -0.94
056 97 200.0 245 200.59 096 070 079 072 07 000 13 2.99 13 +1.33 +1.88 08 1 19 1.05 0.74 13 07 +1.33 +1.88 09 01 0.01 0.01 01 -0.96 -0.94
057 97 020.0 269 191.32 109 078 082 061 00 075 15 2.65 13 +0.22 +0.02 10 0 08 0.11 0.13 04 00 -0.59 -0.66 08 10 0.16 0.19 08 -0.35 -0.43
057 97 040.0 349 236.17 120 094 135 099 00 095 15 2.65 15 +0.75 +0.66 09 0 15 0.55 0.49 11 00 +0.23 +0.16 10 18 0.27 0.24 09 -0.13 -0.15
057 97 060.0 391 264.52 122 097 172 139 00 065 15 2.65 15 +0.93 +0.97 09 0 17 0.77 0.59 13 00 +0.57 +0.62 10 20 0.29 0.22 12 -0.03 -0.01
057 97 080.0 354 245.65 125 084 145 123 04 018 15 2.73 15 +1.03 +1.27 09 0 17 1.03 0.73 13 04 +0.83 +1.10 10 12 0.15 0.11 08 -0.44 -0.44
057 97 099.9 325 239.93 125 082 118 105 06 004 15 2.79 15 +1.19 +1.60 09 1 17 1.21 0.79 14 06 +1.10 +1.52 06 07 0.08 0.05 04 -0.78 -0.77
057 97 120.0 311 234.58 125 085 101 087 09 002 15 2.83 15 +1.36 +1.98 09 1 17 1.33 0.79 14 09 +1.27 +1.91 06 07 0.08 0.05 03 -0.85 -0.84
057 97 140.0 315 235.62 125 088 102 088 09 007 15 2.83 15 +1.38 +2.03 09 1 17 1.33 0.78 14 09 +1.28 +1.94 06 07 0.09 0.05 03 -0.83 -0.81
057 97 160.0 310 233.70 125 089 096 084 10 000 15 2.83 15 +1.36 +2.04 09 1 17 1.36 0.79 14 10 +1.29 +1.97 06 07 0.08 0.04 03 -0.90 -0.86
057 97 180.0 300 230.76 125 089 086 073 12 000 15 2.86 15 +1.41 +2.16 09 1 17 1.42 0.79 14 12 +1.33 +2.09 05 06 0.06 0.03 01 -0.99 -0.98
057 97 200.0 299 230.54 125 089 085 072 12 000 15 2.86 15 +1.42 +2.17 09 1 17 1.42 0.79 14 12 +1.33 +2.10 06 07 0.07 0.04 01 -0.99 -0.98
058 97 020.0 207 159.60 072 052 083 049 00 055 11 2.68 10 +0.27 +0.09 09 0 12 0.32 0.63 06 00 -0.32 -0.39 10 08 0.08 0.16 05 -0.45 -0.51
058 97 040.0 196 148.07 075 047 074 064 00 015 11 2.72 10 +0.52 +0.49 09 0 14 0.51 0.86 07 00 +0.19 +0.18 07 03 0.03 0.04 03 -0.75 -0.74
058 97 060.0 206 158.34 079 050 077 071 00 004 11 2.76 11 +0.91 +1.02 09 0 17 0.69 0.89 09 00 +0.59 +0.73 07 03 0.03 0.03 03 -0.77 -0.76
058 97 080.0 206 171.04 084 052 070 061 02 006 11 2.87 11 +1.19 +1.51 09 1 17 0.95 0.91 09 02 +0.85 +1.18 07 03 0.03 0.02 02 -0.83 -0.82
058 97 099.9 210 176.08 085 057 068 057 04 007 11 2.89 11 +1.17 +1.59 09 1 18 1.03 0.91 09 04 +0.93 +1.40 07 03 0.04 0.03 02 -0.77 -0.80
058 97 120.0 209 179.74 086 057 066 056 06 002 11 2.96 11 +1.31 +1.87 09 1 19 1.14 0.91 11 06 +1.31 +1.87 07 03 0.04 0.03 02 -0.78 -0.80
058 97 140.0 205 176.98 086 057 062 052 06 000 11 2.97 11 +1.42 +2.09 09 1 19 1.16 0.92 11 06 +1.42 +2.09 07 03 0.03 0.02 02 -0.87 -0.83
058 97 160.0 204 176.91 086 057 061 051 07 000 11 2.98 11 +1.45 +2.16 09 1 19 1.21 0.92 11 07 +1.45 +2.16 07 03 0.03 0.02 02 -0.92 -0.88
058 97 180.0 198 174.25 088 057 053 042 09 000 11 2.98 11 +1.53 +2.39 09 1 19 1.24 0.92 11 09 +1.53 +2.39 07 03 0.03 0.02 02 -0.96 -0.93
058 97 200.0 198 173.98 088 057 053 042 09 000 11 2.98 11 +1.53 +2.40 09 1 19 1.24 0.92 11 09 +1.53 +2.40 07 03 0.03 0.02 02 -0.96 -0.93
059 97 020.0 210 153.20 088 053 069 038 00 052 09 3.18 08 +0.29 +0.11 10 0 16 0.22 0.33 07 00 +0.12 -0.04 09 14 0.39 0.59 07 -0.02 -0.14
059 97 040.0 214 147.16 083 051 080 057 00 039 09 3.20 08 +0.89 +1.12 10 0 19 0.37 0.57 07 00 +0.74 +0.99 09 12 0.26 0.40 07 -0.40 -0.29
059 97 060.0 244 165.34 086 059 099 073 01 053 09 3.21 09 +1.19 +1.54 10 0 25 0.53 0.66 09 01 +1.19 +1.54 09 12 0.24 0.30 06 -0.52 -0.41
059 97 080.0 230 174.52 087 061 082 067 05 016 09 3.31 09 +1.35 +1.96 10 1 26 0.79 0.71 09 05 +1.35 +1.96 09 12 0.28 0.26 02 -0.96 -0.94
059 97 099.9 219 172.13 090 061 068 060 07 000 09 3.34 09 +1.44 +2.22 10 1 26 0.87 0.72 09 07 +1.44 +2.22 09 12 0.30 0.25 01 -0.98 -0.97
059 97 120.0 219 171.15 090 061 068 060 07 000 09 3.34 09 +1.47 +2.29 10 1 26 0.87 0.72 09 07 +1.47 +2.29 09 12 0.30 0.25 01 -0.98 -0.97
059 97 140.0 219 170.91 090 061 068 060 07 000 09 3.34 09 +1.48 +2.31 10 1 26 0.87 0.72 09 07 +1.48 +2.31 09 12 0.30 0.25 01 -0.98 -0.97
059 97 160.0 219 170.85 090 061 068 060 07 000 09 3.34 09 +1.48 +2.32 10 1 26 0.87 0.72 09 07 +1.48 +2.32 09 12 0.30 0.25 01 -0.98 -0.97
059 97 180.0 219 170.84 090 061 068 060 07 000 09 3.34 09 +1.48 +2.32 10 1 26 0.87 0.72 09 07 +1.48 +2.32 09 12 0.30 0.25 01 -0.98 -0.97
059 97 200.0 219 170.84 090 061 068 060 07 000 09 3.34 09 +1.48 +2.32 10 1 26 0.87 0.72 09 07 +1.48 +2.32 09 12 0.30 0.25 01 -0.98 -0.97
060 97 020.0 245 188.33 090 072 083 060 00 082 15 2.70 14 +0.32 +0.14 11 0 10 0.36 0.39 08 00 -0.22 -0.31 01 14 0.23 0.25 09 -0.33 -0.39
060 97 040.0 304 232.21 097 080 127 095 00 070 15 2.72 15 +0.88 +0.90 11 0 15 0.68 0.56 09 00 +0.27 +0.39 08 10 0.16 0.13 08 -0.43 -0.44
060 97 060.0 323 233.75 097 080 146 114 02 047 15 2.74 15 +1.09 +1.33 11 1 15 0.82 0.62 11 02 +0.64 +0.95 01 14 0.19 0.14 09 -0.45 -0.41
060 97 080.0 292 225.68 100 080 112 101 05 023 15 2.81 15 +1.25 +1.71 11 1 15 1.03 0.65 12 05 +0.83 +1.34 08 10 0.19 0.12 06 -0.65 -0.61
060 97 099.9 283 221.82 099 084 100 090 08 007 15 2.85 15 +1.27 +1.83 11 1 15 1.14 0.66 12 08 +0.93 +1.52 08 11 0.21 0.12 06 -0.67 -0.63
060 97 120.0 282 223.34 101 083 098 089 09 001 15 2.86 15 +1.30 +1.91 11 1 17 1.26 0.69 14 09 +1.19 +1.83 01 14 0.22 0.12 07 -0.72 -0.68
060 97 140.0 275 222.90 102 083 090 080 10 000 15 2.86 15 +1.44 +2.22 11 1 17 1.36 0.71 14 10 +1.35 +2.14 01 14 0.23 0.12 07 -0.72 -0.67
060 97 160.0 276 222.86 103 085 088 076 12 001 15 2.89 15 +1.48 +2.31 11 1 17 1.45 0.71 14 12 +1.39 +2.23 01 14 0.24 0.12 07 -0.77 -0.71
060 97 180.0 270 220.50 104 085 081 068 13 000 15 2.90 15 +1.54 +2.47 11 1 17 1.51 0.71 14 13 +1.44 +2.38 01 14 0.24 0.11 07 -0.79 -0.74
060 97 200.0 269 221.15 105 085 079 065 14 001 15 2.90 15 +1.55 +2.49 11 1 17 1.57 0.72 14 14 +1.45 +2.40 01 14 0.24 0.11 07 -0.81 -0.76
